HWI-ST183_0204:4:4:4682:66281#0/1 45 0 45 0
HWI-ST183_0204:4:4:4682:66281#0/2 45 0 45 0
HWI-ST183_0204:4:41:21178:47234#0/1 45 0 45 0
HWI-ST183_0204:4:41:21178:47234#0/2 45 0 45 0
HWI-ST183_0204:4:21:20241:51212#0/1 45 0 45 0
HWI-ST183_0204:4:21:20241:51212#0/2 0 0 0 0
HWI-ST183_0204:4:3:12964:55586#0/1 45 0 45 0
HWI-ST183_0204:4:3:12964:55586#0/2 20 0 20 25
HWI-ST183_0204:4:64:6623:189676#0/1 45 0 45 0
HWI-ST183_0204:4:64:6623:189676#0/2 45 0 45 0
HWI-ST183_0204:4:22:5994:183471#0/1 45 0 45 0
HWI-ST183_0204:4:22:5994:183471#0/2 45 0 45 0
HWI-ST183_0204:4:21:13902:188633#0/1 45 0 45 0
HWI-ST183_0204:4:21:13902:188633#0/2 45 0 45 0
HWI-ST183_0204:4:3:9583:32353#0/1 0 0 0 0
HWI-ST183_0204:4:3:9583:32353#0/2 45 0 45 0
HWI-ST183_0204:4:5:17156:104683#0/1 45 0 45 0
HWI-ST183_0204:4:5:17156:104683#0/2 45 0 45 0
HWI-ST183_0204:4:65:9520:95019#0/1 45 0 45 0
HWI-ST183_0204:4:65:9520:95019#0/2 45 0 45 0
HWI-ST183_0204:4:44:19038:9176#0/1 45 0 45 0
HWI-ST183_0204:4:44:19038:9176#0/2 45 0 45 0
HWI-ST183_0204:4:43:17129:144147#0/1 45 0 45 0
HWI-ST183_0204:4:43:17129:144147#0/2 45 0 45 0
HWI-ST183_0204:4:48:10401:143733#0/1 45 0 45 0
HWI-ST183_0204:4:48:10401:143733#0/2 0 0 0 0
HWI-ST183_0204:4:47:7626:175238#0/1 44 0 44 1
HWI-ST183_0204:4:47:7626:175238#0/2 45 0 45 0
HWI-ST183_0204:4:64:19829:180421#0/1 45 0 45 0
HWI-ST183_0204:4:64:19829:180421#0/2 45 0 45 0
HWI-ST183_0204:4:1:11146:84617#0/1 45 0 45 0
HWI-ST183_0204:4:1:11146:84617#0/2 45 0 45 0
HWI-ST183_0204:4:67:2257:18010#0/1 45 0 45 0
HWI-ST183_0204:4:67:2257:18010#0/2 45 0 45 0
HWI-ST183_0204:4:6:7914:44387#0/1 45 0 45 0
HWI-ST183_0204:4:6:7914:44387#0/2 45 0 45 0
HWI-ST183_0204:4:63:13128:170827#0/1 45 0 45 0
HWI-ST183_0204:4:63:13128:170827#0/2 45 0 45 0
HWI-ST183_0204:4:8:19007:189898#0/1 26 0 26 19
HWI-ST183_0204:4:8:19007:189898#0/2 0 0 0 0
HWI-ST183_0204:4:3:13117:17701#0/1 45 0 45 0
HWI-ST183_0204:4:3:13117:17701#0/2 45 0 45 0
HWI-ST183_0204:4:27:7260:39320#0/1 45 0 45 0
HWI-ST183_0204:4:27:7260:39320#0/2 45 0 45 0
HWI-ST183_0204:4:47:18281:85861#0/1 45 0 45 0
HWI-ST183_0204:4:47:18281:85861#0/2 39 0 39 6
HWI-ST183_0204:4:41:20889:142880#0/1 45 0 45 0
HWI-ST183_0204:4:41:20889:142880#0/2 45 0 45 0
HWI-ST183_0204:4:23:6285:137632#0/1 45 0 45 0
HWI-ST183_0204:4:23:6285:137632#0/2 45 0 45 0
HWI-ST183_0204:4:2:20527:106955#0/1 22 0 22 23
HWI-ST183_0204:4:2:20527:106955#0/2 45 0 45 0
HWI-ST183_0204:4:8:7434:5964#0/1 45 0 45 0
HWI-ST183_0204:4:8:7434:5964#0/2 45 0 45 0
HWI-ST183_0204:4:24:11322:145994#0/1 45 0 45 0
HWI-ST183_0204:4:24:11322:145994#0/2 45 0 45 0
HWI-ST183_0204:4:23:6971:95615#0/1 45 0 45 0
HWI-ST183_0204:4:23:6971:95615#0/2 45 0 45 0
HWI-ST183_0204:4:42:15575:121101#0/1 45 0 45 0
HWI-ST183_0204:4:42:15575:121101#0/2 45 0 45 0
HWI-ST183_0204:4:46:18843:193766#0/1 45 0 45 0
HWI-ST183_0204:4:46:18843:193766#0/2 45 0 45 0
HWI-ST183_0204:4:64:19162:155025#0/1 32 0 32 13
HWI-ST183_0204:4:64:19162:155025#0/2 33 0 33 12
HWI-ST183_0204:4:25:6745:131433#0/1 45 0 45 0
HWI-ST183_0204:4:25:6745:131433#0/2 45 0 45 0
HWI-ST183_0204:4:1:14536:145441#0/1 45 0 45 0
HWI-ST183_0204:4:1:14536:145441#0/2 45 0 45 0
HWI-ST183_0204:4:27:13175:133882#0/1 45 0 45 0
HWI-ST183_0204:4:27:13175:133882#0/2 45 0 45 0
HWI-ST183_0204:4:66:7861:13132#0/1 45 0 45 0
HWI-ST183_0204:4:66:7861:13132#0/2 45 0 45 0
HWI-ST183_0204:4:46:11361:172756#0/1 22 0 22 23
HWI-ST183_0204:4:46:11361:172756#0/2 0 0 0 0
HWI-ST183_0204:4:42:1588:22939#0/1 0 0 0 0
HWI-ST183_0204:4:42:1588:22939#0/2 0 0 0 0
HWI-ST183_0204:4:23:20466:107910#0/1 45 0 45 0
HWI-ST183_0204:4:23:20466:107910#0/2 45 0 45 0
HWI-ST183_0204:4:67:12090:20314#0/1 0 0 0 0
HWI-ST183_0204:4:67:12090:20314#0/2 0 0 0 0
HWI-ST183_0204:4:22:21054:83686#0/1 44 0 44 1
HWI-ST183_0204:4:22:21054:83686#0/2 0 0 0 0
HWI-ST183_0204:4:42:4490:120006#0/1 22 0 22 23
HWI-ST183_0204:4:42:4490:120006#0/2 0 0 0 0
HWI-ST183_0204:4:41:10147:137550#0/1 45 0 45 0
HWI-ST183_0204:4:41:10147:137550#0/2 45 0 45 0
HWI-ST183_0204:4:42:17264:42057#0/1 45 0 45 0
HWI-ST183_0204:4:42:17264:42057#0/2 24 0 24 21
HWI-ST183_0204:4:2:19685:121967#0/1 45 0 45 0
HWI-ST183_0204:4:2:19685:121967#0/2 45 0 45 0
HWI-ST183_0204:4:22:5994:135496#0/1 45 0 45 0
HWI-ST183_0204:4:22:5994:135496#0/2 45 0 45 0
HWI-ST183_0204:4:8:15263:100549#0/1 26 0 26 19
HWI-ST183_0204:4:8:15263:100549#0/2 45 0 45 0
HWI-ST183_0204:4:21:9356:64695#0/1 45 0 45 0
HWI-ST183_0204:4:21:9356:64695#0/2 45 0 45 0
HWI-ST183_0204:4:23:8693:104552#0/1 34 0 34 11
HWI-ST183_0204:4:23:8693:104552#0/2 33 0 33 12
HWI-ST183_0204:4:67:17542:137544#0/1 45 0 45 0
HWI-ST183_0204:4:67:17542:137544#0/2 45 0 45 0
HWI-ST183_0204:4:45:20003:17884#0/1 45 0 45 0
HWI-ST183_0204:4:45:20003:17884#0/2 32 0 32 13
HWI-ST183_0204:4:6:12296:44847#0/1 45 0 45 0
HWI-ST183_0204:4:6:12296:44847#0/2 0 0 0 0
HWI-ST183_0204:4:62:14760:173580#0/1 45 0 45 0
HWI-ST183_0204:4:62:14760:173580#0/2 45 0 45 0
HWI-ST183_0204:4:42:1473:119526#0/1 33 0 33 12
HWI-ST183_0204:4:42:1473:119526#0/2 0 0 0 0
HWI-ST183_0204:4:47:14254:17483#0/1 45 0 45 0
HWI-ST183_0204:4:47:14254:17483#0/2 45 0 45 0
HWI-ST183_0204:4:41:19616:158750#0/1 45 0 45 0
HWI-ST183_0204:4:41:19616:158750#0/2 45 0 45 0
HWI-ST183_0204:4:43:9049:105162#0/1 45 0 45 0
HWI-ST183_0204:4:43:9049:105162#0/2 45 0 45 0
HWI-ST183_0204:4:2:19347:192751#0/1 45 0 45 0
HWI-ST183_0204:4:2:19347:192751#0/2 45 0 45 0
HWI-ST183_0204:4:48:4259:124835#0/1 45 0 45 0
HWI-ST183_0204:4:48:4259:124835#0/2 0 0 0 0
HWI-ST183_0204:4:48:21276:151178#0/1 45 0 45 0
HWI-ST183_0204:4:48:21276:151178#0/2 0 0 0 0
HWI-ST183_0204:4:23:7924:93087#0/1 45 0 45 0
HWI-ST183_0204:4:23:7924:93087#0/2 45 0 45 0
HWI-ST183_0204:4:68:14379:26954#0/1 45 0 45 0
HWI-ST183_0204:4:68:14379:26954#0/2 45 0 45 0
HWI-ST183_0204:4:41:5322:155462#0/1 0 0 0 0
HWI-ST183_0204:4:41:5322:155462#0/2 27 0 27 18
HWI-ST183_0204:4:4:19152:147317#0/1 39 0 39 6
HWI-ST183_0204:4:4:19152:147317#0/2 45 0 45 0
HWI-ST183_0204:4:24:5408:71938#0/1 45 0 45 0
HWI-ST183_0204:4:24:5408:71938#0/2 45 0 45 0
HWI-ST183_0204:4:68:18030:33901#0/1 45 0 45 0
HWI-ST183_0204:4:68:18030:33901#0/2 39 0 39 6
HWI-ST183_0204:4:47:20550:65724#0/1 45 0 45 0
HWI-ST183_0204:4:47:20550:65724#0/2 45 0 45 0
HWI-ST183_0204:4:23:7686:154836#0/1 45 0 45 0
HWI-ST183_0204:4:23:7686:154836#0/2 45 0 45 0
HWI-ST183_0204:4:68:15305:177468#0/1 45 0 45 0
HWI-ST183_0204:4:68:15305:177468#0/2 45 0 45 0
HWI-ST183_0204:4:42:2127:147837#0/1 23 0 23 22
HWI-ST183_0204:4:42:2127:147837#0/2 0 0 0 0
HWI-ST183_0204:4:65:14636:181571#0/1 45 0 45 0
HWI-ST183_0204:4:65:14636:181571#0/2 45 0 45 0
HWI-ST183_0204:4:5:8372:77353#0/1 45 0 45 0
HWI-ST183_0204:4:5:8372:77353#0/2 45 0 45 0
HWI-ST183_0204:4:41:18899:95247#0/1 45 0 45 0
HWI-ST183_0204:4:41:18899:95247#0/2 45 0 45 0
HWI-ST183_0204:4:63:16344:28378#0/1 45 0 45 0
HWI-ST183_0204:4:63:16344:28378#0/2 26 0 26 19
HWI-ST183_0204:4:67:11079:40294#0/1 45 0 45 0
HWI-ST183_0204:4:67:11079:40294#0/2 45 0 45 0
HWI-ST183_0204:4:44:8301:172862#0/1 45 0 45 0
HWI-ST183_0204:4:44:8301:172862#0/2 45 0 45 0
HWI-ST183_0204:4:3:19679:34642#0/1 45 0 45 0
HWI-ST183_0204:4:3:19679:34642#0/2 45 0 45 0
HWI-ST183_0204:4:62:3093:68962#0/1 45 0 45 0
HWI-ST183_0204:4:62:3093:68962#0/2 39 0 39 6
HWI-ST183_0204:4:44:18296:145181#0/1 45 0 45 0
HWI-ST183_0204:4:44:18296:145181#0/2 45 0 45 0
HWI-ST183_0204:4:48:17366:156607#0/1 45 0 45 0
HWI-ST183_0204:4:48:17366:156607#0/2 0 0 0 0
HWI-ST183_0204:4:23:13369:4390#0/1 45 0 45 0
HWI-ST183_0204:4:23:13369:4390#0/2 45 0 45 0
HWI-ST183_0204:4:4:12157:39677#0/1 45 0 45 0
HWI-ST183_0204:4:4:12157:39677#0/2 45 0 45 0
HWI-ST183_0204:4:64:13941:74862#0/1 37 0 37 8
HWI-ST183_0204:4:64:13941:74862#0/2 0 0 0 0
HWI-ST183_0204:4:25:4026:42605#0/1 23 0 23 22
HWI-ST183_0204:4:25:4026:42605#0/2 44 0 44 1
HWI-ST183_0204:4:2:18701:58355#0/1 45 0 45 0
HWI-ST183_0204:4:2:18701:58355#0/2 45 0 45 0
HWI-ST183_0204:4:47:4960:180959#0/1 0 0 0 0
HWI-ST183_0204:4:47:4960:180959#0/2 0 0 0 0
HWI-ST183_0204:4:5:3750:134871#0/1 45 0 45 0
HWI-ST183_0204:4:5:3750:134871#0/2 45 0 45 0
HWI-ST183_0204:4:24:21245:101473#0/1 45 0 45 0
HWI-ST183_0204:4:24:21245:101473#0/2 0 0 0 0
HWI-ST183_0204:4:2:16081:67749#0/1 45 0 45 0
HWI-ST183_0204:4:2:16081:67749#0/2 45 0 45 0
HWI-ST183_0204:4:43:16052:122004#0/1 45 0 45 0
HWI-ST183_0204:4:43:16052:122004#0/2 45 0 45 0
HWI-ST183_0204:4:2:7368:116751#0/1 45 0 45 0
HWI-ST183_0204:4:2:7368:116751#0/2 45 0 45 0
HWI-ST183_0204:4:42:18302:182915#0/1 45 0 45 0
HWI-ST183_0204:4:42:18302:182915#0/2 45 0 45 0
HWI-ST183_0204:4:64:12845:22270#0/1 45 0 45 0
HWI-ST183_0204:4:64:12845:22270#0/2 45 0 45 0
HWI-ST183_0204:4:61:11056:22926#0/1 33 0 33 12
HWI-ST183_0204:4:61:11056:22926#0/2 0 0 0 0
HWI-ST183_0204:4:8:12754:141557#0/1 45 0 45 0
HWI-ST183_0204:4:8:12754:141557#0/2 44 0 44 1
HWI-ST183_0204:4:41:12927:73459#0/1 45 0 45 0
HWI-ST183_0204:4:41:12927:73459#0/2 45 0 45 0
HWI-ST183_0204:4:64:11359:148978#0/1 45 0 45 0
HWI-ST183_0204:4:64:11359:148978#0/2 45 0 45 0
HWI-ST183_0204:4:61:16863:6640#0/1 45 0 45 0
HWI-ST183_0204:4:61:16863:6640#0/2 39 0 39 6
HWI-ST183_0204:4:3:13317:49727#0/1 45 0 45 0
HWI-ST183_0204:4:3:13317:49727#0/2 45 0 45 0
HWI-ST183_0204:4:2:15988:86122#0/1 45 0 45 0
HWI-ST183_0204:4:2:15988:86122#0/2 45 0 45 0
HWI-ST183_0204:4:5:6334:175272#0/1 45 0 45 0
HWI-ST183_0204:4:5:6334:175272#0/2 45 0 45 0
HWI-ST183_0204:4:66:1751:167547#0/1 31 0 31 14
HWI-ST183_0204:4:66:1751:167547#0/2 34 0 34 11
HWI-ST183_0204:4:1:7386:114931#0/1 45 0 45 0
HWI-ST183_0204:4:1:7386:114931#0/2 45 0 45 0
HWI-ST183_0204:4:25:11285:176899#0/1 45 0 45 0
HWI-ST183_0204:4:25:11285:176899#0/2 45 0 45 0
HWI-ST183_0204:4:24:4236:73223#0/1 45 0 45 0
HWI-ST183_0204:4:24:4236:73223#0/2 45 0 45 0
HWI-ST183_0204:4:63:15532:87149#0/1 45 0 45 0
HWI-ST183_0204:4:63:15532:87149#0/2 44 0 44 1
HWI-ST183_0204:4:64:4556:61092#0/1 45 0 45 0
HWI-ST183_0204:4:64:4556:61092#0/2 45 0 45 0
HWI-ST183_0204:4:21:7549:119102#0/1 45 0 45 0
HWI-ST183_0204:4:21:7549:119102#0/2 45 0 45 0
HWI-ST183_0204:4:6:8196:144524#0/1 33 0 33 12
HWI-ST183_0204:4:6:8196:144524#0/2 45 0 45 0
HWI-ST183_0204:4:5:4055:81493#0/1 45 0 45 0
HWI-ST183_0204:4:5:4055:81493#0/2 45 0 45 0
HWI-ST183_0204:4:68:17026:174376#0/1 31 0 31 14
HWI-ST183_0204:4:68:17026:174376#0/2 38 0 38 7
HWI-ST183_0204:4:41:5396:79661#0/1 45 0 45 0
HWI-ST183_0204:4:41:5396:79661#0/2 39 0 39 6
HWI-ST183_0204:4:22:10604:174054#0/1 45 0 45 0
HWI-ST183_0204:4:22:10604:174054#0/2 45 0 45 0
HWI-ST183_0204:4:23:19521:18577#0/1 45 0 45 0
HWI-ST183_0204:4:23:19521:18577#0/2 45 0 45 0
HWI-ST183_0204:4:61:5458:41474#0/1 45 0 45 0
HWI-ST183_0204:4:61:5458:41474#0/2 45 0 45 0
HWI-ST183_0204:4:3:19812:57442#0/1 45 0 45 0
HWI-ST183_0204:4:3:19812:57442#0/2 45 0 45 0
HWI-ST183_0204:4:4:20615:136287#0/1 45 0 45 0
HWI-ST183_0204:4:4:20615:136287#0/2 42 0 42 3
HWI-ST183_0204:4:44:8496:2397#0/1 45 0 45 0
HWI-ST183_0204:4:44:8496:2397#0/2 45 0 45 0
HWI-ST183_0204:4:22:3409:30485#0/1 45 0 45 0
HWI-ST183_0204:4:22:3409:30485#0/2 24 0 24 21
HWI-ST183_0204:4:62:12368:11844#0/1 43 0 43 2
HWI-ST183_0204:4:62:12368:11844#0/2 45 0 45 0
HWI-ST183_0204:4:61:20097:147101#0/1 45 0 45 0
HWI-ST183_0204:4:61:20097:147101#0/2 39 0 39 6
HWI-ST183_0204:4:46:21215:156805#0/1 45 0 45 0
HWI-ST183_0204:4:46:21215:156805#0/2 45 0 45 0
HWI-ST183_0204:4:47:18999:6851#0/1 45 0 45 0
HWI-ST183_0204:4:47:18999:6851#0/2 45 0 45 0
HWI-ST183_0204:4:62:4844:183055#0/1 45 0 45 0
HWI-ST183_0204:4:62:4844:183055#0/2 45 0 45 0
HWI-ST183_0204:4:22:12467:189718#0/1 45 0 45 0
HWI-ST183_0204:4:22:12467:189718#0/2 45 0 45 0
HWI-ST183_0204:4:22:2240:148669#0/1 45 0 45 0
HWI-ST183_0204:4:22:2240:148669#0/2 45 0 45 0
HWI-ST183_0204:4:42:10109:194292#0/1 45 0 45 0
HWI-ST183_0204:4:42:10109:194292#0/2 45 0 45 0
HWI-ST183_0204:4:3:14963:123968#0/1 45 0 45 0
HWI-ST183_0204:4:3:14963:123968#0/2 45 0 45 0
HWI-ST183_0204:4:63:18289:111287#0/1 41 0 41 4
HWI-ST183_0204:4:63:18289:111287#0/2 0 0 0 0
HWI-ST183_0204:4:3:3106:111397#0/1 45 0 45 0
HWI-ST183_0204:4:3:3106:111397#0/2 45 0 45 0
HWI-ST183_0204:4:67:18137:26224#0/1 45 0 45 0
HWI-ST183_0204:4:67:18137:26224#0/2 45 0 45 0
HWI-ST183_0204:4:48:6121:129496#0/1 45 0 45 0
HWI-ST183_0204:4:48:6121:129496#0/2 0 0 0 0
HWI-ST183_0204:4:62:15348:74767#0/1 45 0 45 0
HWI-ST183_0204:4:62:15348:74767#0/2 39 0 39 6
HWI-ST183_0204:4:27:12568:51725#0/1 45 0 45 0
HWI-ST183_0204:4:27:12568:51725#0/2 45 0 45 0
HWI-ST183_0204:4:2:11296:126414#0/1 45 0 45 0
HWI-ST183_0204:4:2:11296:126414#0/2 45 0 45 0
HWI-ST183_0204:4:42:11917:194173#0/1 20 0 20 25
HWI-ST183_0204:4:42:11917:194173#0/2 42 0 42 3
HWI-ST183_0204:4:47:8865:65578#0/1 45 0 45 0
HWI-ST183_0204:4:47:8865:65578#0/2 30 0 30 15
HWI-ST183_0204:4:61:16635:147239#0/1 45 0 45 0
HWI-ST183_0204:4:61:16635:147239#0/2 27 0 27 18
HWI-ST183_0204:4:48:14189:179944#0/1 45 0 45 0
HWI-ST183_0204:4:48:14189:179944#0/2 0 0 0 0
HWI-ST183_0204:4:3:9051:8861#0/1 45 0 45 0
HWI-ST183_0204:4:3:9051:8861#0/2 45 0 45 0
HWI-ST183_0204:4:8:19304:189861#0/1 45 0 45 0
HWI-ST183_0204:4:8:19304:189861#0/2 45 0 45 0
HWI-ST183_0204:4:64:3408:35237#0/1 45 0 45 0
HWI-ST183_0204:4:64:3408:35237#0/2 34 0 34 11
HWI-ST183_0204:4:67:1552:140248#0/1 45 0 45 0
HWI-ST183_0204:4:67:1552:140248#0/2 42 0 42 3
HWI-ST183_0204:4:4:6909:82568#0/1 34 0 34 11
HWI-ST183_0204:4:4:6909:82568#0/2 45 0 45 0
HWI-ST183_0204:4:47:7420:125459#0/1 29 0 29 16
HWI-ST183_0204:4:47:7420:125459#0/2 45 0 45 0
HWI-ST183_0204:4:62:3935:89020#0/1 45 0 45 0
HWI-ST183_0204:4:62:3935:89020#0/2 45 0 45 0
HWI-ST183_0204:4:21:10055:186042#0/1 45 0 45 0
HWI-ST183_0204:4:21:10055:186042#0/2 45 0 45 0
HWI-ST183_0204:4:46:13400:131038#0/1 45 0 45 0
HWI-ST183_0204:4:46:13400:131038#0/2 45 0 45 0
HWI-ST183_0204:4:25:14856:172573#0/1 45 0 45 0
HWI-ST183_0204:4:25:14856:172573#0/2 45 0 45 0
HWI-ST183_0204:4:26:1929:52009#0/1 45 0 45 0
HWI-ST183_0204:4:26:1929:52009#0/2 39 0 39 6
HWI-ST183_0204:4:5:4211:167871#0/1 45 0 45 0
HWI-ST183_0204:4:5:4211:167871#0/2 38 0 38 7
HWI-ST183_0204:4:63:8027:94304#0/1 27 0 27 18
HWI-ST183_0204:4:63:8027:94304#0/2 45 0 45 0
HWI-ST183_0204:4:21:16986:126164#0/1 45 0 45 0
HWI-ST183_0204:4:21:16986:126164#0/2 39 0 39 6
HWI-ST183_0204:4:24:17315:50503#0/1 45 0 45 0
HWI-ST183_0204:4:24:17315:50503#0/2 45 0 45 0
HWI-ST183_0204:4:65:5351:33712#0/1 45 0 45 0
HWI-ST183_0204:4:65:5351:33712#0/2 45 0 45 0
HWI-ST183_0204:4:22:14795:174360#0/1 45 0 45 0
HWI-ST183_0204:4:22:14795:174360#0/2 45 0 45 0
HWI-ST183_0204:4:47:19414:159498#0/1 45 0 45 0
HWI-ST183_0204:4:47:19414:159498#0/2 45 0 45 0
HWI-ST183_0204:4:65:12168:40885#0/1 45 0 45 0
HWI-ST183_0204:4:65:12168:40885#0/2 24 0 24 21
HWI-ST183_0204:4:43:15173:17607#0/1 36 0 36 9
HWI-ST183_0204:4:43:15173:17607#0/2 0 0 0 0
HWI-ST183_0204:4:45:13100:177059#0/1 45 0 45 0
HWI-ST183_0204:4:45:13100:177059#0/2 28 0 28 17
HWI-ST183_0204:4:1:8366:34633#0/1 45 0 45 0
HWI-ST183_0204:4:1:8366:34633#0/2 45 0 45 0
HWI-ST183_0204:4:4:9248:50426#0/1 45 0 45 0
HWI-ST183_0204:4:4:9248:50426#0/2 45 0 45 0
HWI-ST183_0204:4:25:7327:23895#0/1 45 0 45 0
HWI-ST183_0204:4:25:7327:23895#0/2 45 0 45 0
HWI-ST183_0204:4:1:8959:75403#0/1 45 0 45 0
HWI-ST183_0204:4:1:8959:75403#0/2 45 0 45 0
HWI-ST183_0204:4:4:15307:15859#0/1 45 0 45 0
HWI-ST183_0204:4:4:15307:15859#0/2 0 0 0 0
HWI-ST183_0204:4:68:6420:37515#0/1 45 0 45 0
HWI-ST183_0204:4:68:6420:37515#0/2 22 0 22 23
HWI-ST183_0204:4:66:14940:108993#0/1 45 0 45 0
HWI-ST183_0204:4:66:14940:108993#0/2 45 0 45 0
HWI-ST183_0204:4:21:9772:126510#0/1 45 0 45 0
HWI-ST183_0204:4:21:9772:126510#0/2 45 0 45 0
HWI-ST183_0204:4:45:15605:169712#0/1 45 0 45 0
HWI-ST183_0204:4:45:15605:169712#0/2 45 0 45 0
HWI-ST183_0204:4:2:7673:5692#0/1 45 0 45 0
HWI-ST183_0204:4:2:7673:5692#0/2 45 0 45 0
HWI-ST183_0204:4:23:8989:119395#0/1 45 0 45 0
HWI-ST183_0204:4:23:8989:119395#0/2 45 0 45 0
HWI-ST183_0204:4:6:3634:69904#0/1 45 0 45 0
HWI-ST183_0204:4:6:3634:69904#0/2 45 0 45 0
HWI-ST183_0204:4:25:17362:184254#0/1 45 0 45 0
HWI-ST183_0204:4:25:17362:184254#0/2 45 0 45 0
HWI-ST183_0204:4:48:7956:115090#0/1 34 0 34 11
HWI-ST183_0204:4:48:7956:115090#0/2 0 0 0 0
HWI-ST183_0204:4:24:11905:149734#0/1 45 0 45 0
HWI-ST183_0204:4:24:11905:149734#0/2 37 0 37 8
HWI-ST183_0204:4:47:10799:22167#0/1 45 0 45 0
HWI-ST183_0204:4:47:10799:22167#0/2 45 0 45 0
HWI-ST183_0204:4:47:12561:137745#0/1 45 0 45 0
HWI-ST183_0204:4:47:12561:137745#0/2 45 0 45 0
HWI-ST183_0204:4:2:13284:74734#0/1 45 0 45 0
HWI-ST183_0204:4:2:13284:74734#0/2 45 0 45 0
HWI-ST183_0204:4:65:7311:163203#0/1 45 0 45 0
HWI-ST183_0204:4:65:7311:163203#0/2 45 0 45 0
HWI-ST183_0204:4:2:10928:90891#0/1 45 0 45 0
HWI-ST183_0204:4:2:10928:90891#0/2 45 0 45 0
HWI-ST183_0204:4:66:5619:171475#0/1 45 0 45 0
HWI-ST183_0204:4:66:5619:171475#0/2 45 0 45 0
HWI-ST183_0204:4:64:2092:120642#0/1 25 0 25 20
HWI-ST183_0204:4:64:2092:120642#0/2 45 0 45 0
HWI-ST183_0204:4:22:13434:10906#0/1 45 0 45 0
HWI-ST183_0204:4:22:13434:10906#0/2 45 0 45 0
HWI-ST183_0204:4:23:3199:190028#0/1 45 0 45 0
HWI-ST183_0204:4:23:3199:190028#0/2 22 0 22 23
HWI-ST183_0204:4:4:1732:96687#0/1 0 0 0 0
HWI-ST183_0204:4:4:1732:96687#0/2 37 0 37 8
HWI-ST183_0204:4:66:17583:146642#0/1 45 0 45 0
HWI-ST183_0204:4:66:17583:146642#0/2 45 0 45 0
HWI-ST183_0204:4:3:18715:132510#0/1 43 0 43 2
HWI-ST183_0204:4:3:18715:132510#0/2 0 0 0 0
HWI-ST183_0204:4:22:15221:105351#0/1 45 0 45 0
HWI-ST183_0204:4:22:15221:105351#0/2 45 0 45 0
HWI-ST183_0204:4:27:8061:44938#0/1 45 0 45 0
HWI-ST183_0204:4:27:8061:44938#0/2 45 0 45 0
HWI-ST183_0204:4:3:17094:110524#0/1 45 0 45 0
HWI-ST183_0204:4:3:17094:110524#0/2 45 0 45 0
HWI-ST183_0204:4:2:9429:114872#0/1 45 0 45 0
HWI-ST183_0204:4:2:9429:114872#0/2 45 0 45 0
HWI-ST183_0204:4:62:19955:99566#0/1 45 0 45 0
HWI-ST183_0204:4:62:19955:99566#0/2 45 0 45 0
HWI-ST183_0204:4:8:10529:145415#0/1 45 0 45 0
HWI-ST183_0204:4:8:10529:145415#0/2 45 0 45 0
HWI-ST183_0204:4:65:18650:170187#0/1 45 0 45 0
HWI-ST183_0204:4:65:18650:170187#0/2 45 0 45 0
HWI-ST183_0204:4:67:8579:188670#0/1 45 0 45 0
HWI-ST183_0204:4:67:8579:188670#0/2 45 0 45 0
HWI-ST183_0204:4:47:16375:148139#0/1 45 0 45 0
HWI-ST183_0204:4:47:16375:148139#0/2 45 0 45 0
HWI-ST183_0204:4:6:12215:171189#0/1 45 0 45 0
HWI-ST183_0204:4:6:12215:171189#0/2 45 0 45 0
HWI-ST183_0204:4:42:15151:119628#0/1 45 0 45 0
HWI-ST183_0204:4:42:15151:119628#0/2 45 0 45 0
HWI-ST183_0204:4:42:10624:123026#0/1 45 0 45 0
HWI-ST183_0204:4:42:10624:123026#0/2 45 0 45 0
HWI-ST183_0204:4:68:17434:178980#0/1 45 0 45 0
HWI-ST183_0204:4:68:17434:178980#0/2 38 0 38 7
HWI-ST183_0204:4:22:11239:86315#0/1 45 0 45 0
HWI-ST183_0204:4:22:11239:86315#0/2 45 0 45 0
HWI-ST183_0204:4:41:16920:70388#0/1 45 0 45 0
HWI-ST183_0204:4:41:16920:70388#0/2 45 0 45 0
HWI-ST183_0204:4:4:20582:38529#0/1 45 0 45 0
HWI-ST183_0204:4:4:20582:38529#0/2 45 0 45 0
HWI-ST183_0204:4:42:17494:2236#0/1 45 0 45 0
HWI-ST183_0204:4:42:17494:2236#0/2 45 0 45 0
HWI-ST183_0204:4:22:9426:14228#0/1 45 0 45 0
HWI-ST183_0204:4:22:9426:14228#0/2 45 0 45 0
HWI-ST183_0204:4:41:12702:183514#0/1 45 0 45 0
HWI-ST183_0204:4:41:12702:183514#0/2 45 0 45 0
HWI-ST183_0204:4:24:18823:190145#0/1 44 0 44 1
HWI-ST183_0204:4:24:18823:190145#0/2 45 0 45 0
HWI-ST183_0204:4:65:3778:12606#0/1 45 0 45 0
HWI-ST183_0204:4:65:3778:12606#0/2 45 0 45 0
HWI-ST183_0204:4:24:16844:157950#0/1 45 0 45 0
HWI-ST183_0204:4:24:16844:157950#0/2 45 0 45 0
HWI-ST183_0204:4:4:14203:187386#0/1 45 0 45 0
HWI-ST183_0204:4:4:14203:187386#0/2 45 0 45 0
HWI-ST183_0204:4:65:3120:179878#0/1 44 0 44 1
HWI-ST183_0204:4:65:3120:179878#0/2 45 0 45 0
HWI-ST183_0204:4:44:17631:12318#0/1 45 0 45 0
HWI-ST183_0204:4:44:17631:12318#0/2 45 0 45 0
HWI-ST183_0204:4:8:15660:123794#0/1 45 0 45 0
HWI-ST183_0204:4:8:15660:123794#0/2 45 0 45 0
HWI-ST183_0204:4:23:7276:30298#0/1 45 0 45 0
HWI-ST183_0204:4:23:7276:30298#0/2 45 0 45 0
HWI-ST183_0204:4:64:19091:130726#0/1 45 0 45 0
HWI-ST183_0204:4:64:19091:130726#0/2 45 0 45 0
HWI-ST183_0204:4:65:7734:188745#0/1 45 0 45 0
HWI-ST183_0204:4:65:7734:188745#0/2 45 0 45 0
HWI-ST183_0204:4:24:15169:98801#0/1 45 0 45 0
HWI-ST183_0204:4:24:15169:98801#0/2 45 0 45 0
HWI-ST183_0204:4:24:5324:180173#0/1 45 0 45 0
HWI-ST183_0204:4:24:5324:180173#0/2 45 0 45 0
HWI-ST183_0204:4:42:3463:171597#0/1 36 0 36 9
HWI-ST183_0204:4:42:3463:171597#0/2 45 0 45 0
HWI-ST183_0204:4:3:3934:29312#0/1 45 0 45 0
HWI-ST183_0204:4:3:3934:29312#0/2 45 0 45 0
HWI-ST183_0204:4:65:17217:198940#0/1 45 0 45 0
HWI-ST183_0204:4:65:17217:198940#0/2 45 0 45 0
HWI-ST183_0204:4:5:12118:161135#0/1 45 0 45 0
HWI-ST183_0204:4:5:12118:161135#0/2 45 0 45 0
HWI-ST183_0204:4:4:11937:6830#0/1 45 0 45 0
HWI-ST183_0204:4:4:11937:6830#0/2 39 0 39 6
HWI-ST183_0204:4:42:12185:110054#0/1 45 0 45 0
HWI-ST183_0204:4:42:12185:110054#0/2 45 0 45 0
HWI-ST183_0204:4:8:10285:49380#0/1 45 0 45 0
HWI-ST183_0204:4:8:10285:49380#0/2 45 0 45 0
HWI-ST183_0204:4:3:8111:180314#0/1 45 0 45 0
HWI-ST183_0204:4:3:8111:180314#0/2 45 0 45 0
HWI-ST183_0204:4:64:4556:30222#0/1 45 0 45 0
HWI-ST183_0204:4:64:4556:30222#0/2 45 0 45 0
HWI-ST183_0204:4:22:9901:131146#0/1 45 0 45 0
HWI-ST183_0204:4:22:9901:131146#0/2 45 0 45 0
HWI-ST183_0204:4:5:12652:165452#0/1 45 0 45 0
HWI-ST183_0204:4:5:12652:165452#0/2 45 0 45 0
HWI-ST183_0204:4:2:17824:31868#0/1 45 0 45 0
HWI-ST183_0204:4:2:17824:31868#0/2 45 0 45 0
HWI-ST183_0204:4:4:13208:41344#0/1 30 0 30 15
HWI-ST183_0204:4:4:13208:41344#0/2 0 0 0 0
HWI-ST183_0204:4:43:1200:78356#0/1 34 0 34 11
HWI-ST183_0204:4:43:1200:78356#0/2 37 0 37 8
HWI-ST183_0204:4:23:7286:118709#0/1 45 0 45 0
HWI-ST183_0204:4:23:7286:118709#0/2 45 0 45 0
HWI-ST183_0204:4:48:7241:92530#0/1 45 0 45 0
HWI-ST183_0204:4:48:7241:92530#0/2 0 0 0 0
HWI-ST183_0204:4:43:11793:111477#0/1 45 0 45 0
HWI-ST183_0204:4:43:11793:111477#0/2 45 0 45 0
HWI-ST183_0204:4:62:12565:83683#0/1 45 0 45 0
HWI-ST183_0204:4:62:12565:83683#0/2 43 0 43 2
HWI-ST183_0204:4:66:6626:170444#0/1 33 0 33 12
HWI-ST183_0204:4:66:6626:170444#0/2 0 0 0 0
HWI-ST183_0204:4:61:2470:174556#0/1 34 0 34 11
HWI-ST183_0204:4:61:2470:174556#0/2 45 0 45 0
HWI-ST183_0204:4:8:9397:130060#0/1 45 0 45 0
HWI-ST183_0204:4:8:9397:130060#0/2 45 0 45 0
HWI-ST183_0204:4:1:19400:16876#0/1 45 0 45 0
HWI-ST183_0204:4:1:19400:16876#0/2 45 0 45 0
HWI-ST183_0204:4:67:16481:25855#0/1 31 0 31 14
HWI-ST183_0204:4:67:16481:25855#0/2 39 0 39 6
HWI-ST183_0204:4:48:15505:21935#0/1 0 0 0 0
HWI-ST183_0204:4:48:15505:21935#0/2 0 0 0 0
HWI-ST183_0204:4:44:9250:8237#0/1 45 0 45 0
HWI-ST183_0204:4:44:9250:8237#0/2 45 0 45 0
HWI-ST183_0204:4:22:6333:102538#0/1 45 0 45 0
HWI-ST183_0204:4:22:6333:102538#0/2 45 0 45 0
HWI-ST183_0204:4:3:4114:41406#0/1 0 0 0 0
HWI-ST183_0204:4:3:4114:41406#0/2 0 0 0 0
HWI-ST183_0204:4:41:5048:176143#0/1 45 0 45 0
HWI-ST183_0204:4:41:5048:176143#0/2 45 0 45 0
HWI-ST183_0204:4:24:19909:144732#0/1 41 0 41 4
HWI-ST183_0204:4:24:19909:144732#0/2 45 0 45 0
HWI-ST183_0204:4:22:11243:32348#0/1 45 0 45 0
HWI-ST183_0204:4:22:11243:32348#0/2 45 0 45 0
HWI-ST183_0204:4:42:18682:8130#0/1 45 0 45 0
HWI-ST183_0204:4:42:18682:8130#0/2 45 0 45 0
HWI-ST183_0204:4:45:14313:121131#0/1 45 0 45 0
HWI-ST183_0204:4:45:14313:121131#0/2 45 0 45 0
HWI-ST183_0204:4:26:3957:106018#0/1 45 0 45 0
HWI-ST183_0204:4:26:3957:106018#0/2 45 0 45 0
HWI-ST183_0204:4:62:16133:78805#0/1 45 0 45 0
HWI-ST183_0204:4:62:16133:78805#0/2 0 0 0 0
HWI-ST183_0204:4:4:12625:8875#0/1 45 0 45 0
HWI-ST183_0204:4:4:12625:8875#0/2 45 0 45 0
HWI-ST183_0204:4:64:9706:66385#0/1 45 0 45 0
HWI-ST183_0204:4:64:9706:66385#0/2 25 0 25 20
HWI-ST183_0204:4:25:4285:52673#0/1 45 0 45 0
HWI-ST183_0204:4:25:4285:52673#0/2 43 0 43 2
HWI-ST183_0204:4:21:2624:34677#0/1 45 0 45 0
HWI-ST183_0204:4:21:2624:34677#0/2 45 0 45 0
HWI-ST183_0204:4:6:13030:38026#0/1 45 0 45 0
HWI-ST183_0204:4:6:13030:38026#0/2 45 0 45 0
HWI-ST183_0204:4:64:18558:3070#0/1 33 0 33 12
HWI-ST183_0204:4:64:18558:3070#0/2 0 0 0 0
HWI-ST183_0204:4:47:8819:80461#0/1 45 0 45 0
HWI-ST183_0204:4:47:8819:80461#0/2 45 0 45 0
HWI-ST183_0204:4:25:17530:76320#0/1 45 0 45 0
HWI-ST183_0204:4:25:17530:76320#0/2 33 0 33 12
HWI-ST183_0204:4:44:19268:21552#0/1 45 0 45 0
HWI-ST183_0204:4:44:19268:21552#0/2 45 0 45 0
HWI-ST183_0204:4:65:13674:31702#0/1 45 0 45 0
HWI-ST183_0204:4:65:13674:31702#0/2 45 0 45 0
HWI-ST183_0204:4:4:8956:88985#0/1 45 0 45 0
HWI-ST183_0204:4:4:8956:88985#0/2 45 0 45 0
HWI-ST183_0204:4:67:5012:147913#0/1 45 0 45 0
HWI-ST183_0204:4:67:5012:147913#0/2 45 0 45 0
HWI-ST183_0204:4:65:5563:151499#0/1 0 0 0 0
HWI-ST183_0204:4:65:5563:151499#0/2 24 0 24 21
HWI-ST183_0204:4:44:18573:193526#0/1 45 0 45 0
HWI-ST183_0204:4:44:18573:193526#0/2 45 0 45 0
HWI-ST183_0204:4:24:20248:93176#0/1 37 0 37 8
HWI-ST183_0204:4:24:20248:93176#0/2 42 0 42 3
HWI-ST183_0204:4:25:2965:68076#0/1 45 0 45 0
HWI-ST183_0204:4:25:2965:68076#0/2 45 0 45 0
HWI-ST183_0204:4:5:10614:45359#0/1 45 0 45 0
HWI-ST183_0204:4:5:10614:45359#0/2 45 0 45 0
HWI-ST183_0204:4:68:5666:94858#0/1 0 0 0 0
HWI-ST183_0204:4:68:5666:94858#0/2 0 0 0 0
HWI-ST183_0204:4:61:11340:58079#0/1 45 0 45 0
HWI-ST183_0204:4:61:11340:58079#0/2 45 0 45 0
HWI-ST183_0204:4:41:20466:126939#0/1 45 0 45 0
HWI-ST183_0204:4:41:20466:126939#0/2 45 0 45 0
HWI-ST183_0204:4:27:11194:142841#0/1 45 0 45 0
HWI-ST183_0204:4:27:11194:142841#0/2 45 0 45 0
HWI-ST183_0204:4:27:8447:23397#0/1 45 0 45 0
HWI-ST183_0204:4:27:8447:23397#0/2 45 0 45 0
HWI-ST183_0204:4:41:5778:166500#0/1 45 0 45 0
HWI-ST183_0204:4:41:5778:166500#0/2 34 0 34 11
HWI-ST183_0204:4:68:17892:48005#0/1 45 0 45 0
HWI-ST183_0204:4:68:17892:48005#0/2 45 0 45 0
HWI-ST183_0204:4:41:9353:9128#0/1 45 0 45 0
HWI-ST183_0204:4:41:9353:9128#0/2 45 0 45 0
HWI-ST183_0204:4:24:10475:119567#0/1 45 0 45 0
HWI-ST183_0204:4:24:10475:119567#0/2 45 0 45 0
HWI-ST183_0204:4:3:8296:14762#0/1 45 0 45 0
HWI-ST183_0204:4:3:8296:14762#0/2 34 0 34 11
HWI-ST183_0204:4:26:9550:155909#0/1 45 0 45 0
HWI-ST183_0204:4:26:9550:155909#0/2 45 0 45 0
HWI-ST183_0204:4:1:4951:150360#0/1 45 0 45 0
HWI-ST183_0204:4:1:4951:150360#0/2 43 0 43 2
HWI-ST183_0204:4:48:5143:161473#0/1 45 0 45 0
HWI-ST183_0204:4:48:5143:161473#0/2 0 0 0 0
HWI-ST183_0204:4:23:8949:13460#0/1 45 0 45 0
HWI-ST183_0204:4:23:8949:13460#0/2 45 0 45 0
HWI-ST183_0204:4:22:14047:79912#0/1 45 0 45 0
HWI-ST183_0204:4:22:14047:79912#0/2 45 0 45 0
HWI-ST183_0204:4:61:4232:8435#0/1 45 0 45 0
HWI-ST183_0204:4:61:4232:8435#0/2 44 0 44 1
HWI-ST183_0204:4:5:3128:156464#0/1 36 0 36 9
HWI-ST183_0204:4:5:3128:156464#0/2 43 0 43 2
HWI-ST183_0204:4:61:1644:136191#0/1 45 0 45 0
HWI-ST183_0204:4:61:1644:136191#0/2 45 0 45 0
HWI-ST183_0204:4:6:6661:113892#0/1 45 0 45 0
HWI-ST183_0204:4:6:6661:113892#0/2 45 0 45 0
HWI-ST183_0204:4:5:13603:18577#0/1 45 0 45 0
HWI-ST183_0204:4:5:13603:18577#0/2 26 0 26 19
HWI-ST183_0204:4:24:13086:30911#0/1 45 0 45 0
HWI-ST183_0204:4:24:13086:30911#0/2 45 0 45 0
HWI-ST183_0204:4:43:10289:52807#0/1 45 0 45 0
HWI-ST183_0204:4:43:10289:52807#0/2 45 0 45 0
HWI-ST183_0204:4:45:8810:191362#0/1 45 0 45 0
HWI-ST183_0204:4:45:8810:191362#0/2 45 0 45 0
HWI-ST183_0204:4:6:12465:172554#0/1 45 0 45 0
HWI-ST183_0204:4:6:12465:172554#0/2 45 0 45 0
HWI-ST183_0204:4:26:5714:190985#0/1 45 0 45 0
HWI-ST183_0204:4:26:5714:190985#0/2 45 0 45 0
HWI-ST183_0204:4:22:9068:6779#0/1 45 0 45 0
HWI-ST183_0204:4:22:9068:6779#0/2 45 0 45 0
HWI-ST183_0204:4:2:17707:103450#0/1 45 0 45 0
HWI-ST183_0204:4:2:17707:103450#0/2 0 0 0 0
HWI-ST183_0204:4:4:5853:194926#0/1 33 0 33 12
HWI-ST183_0204:4:4:5853:194926#0/2 37 0 37 8
HWI-ST183_0204:4:5:10789:199591#0/1 45 0 45 0
HWI-ST183_0204:4:5:10789:199591#0/2 45 0 45 0
HWI-ST183_0204:4:48:6228:50653#0/1 45 0 45 0
HWI-ST183_0204:4:48:6228:50653#0/2 0 0 0 0
HWI-ST183_0204:4:44:13069:19328#0/1 45 0 45 0
HWI-ST183_0204:4:44:13069:19328#0/2 45 0 45 0
HWI-ST183_0204:4:48:6336:46145#0/1 45 0 45 0
HWI-ST183_0204:4:48:6336:46145#0/2 0 0 0 0
HWI-ST183_0204:4:21:21090:72393#0/1 45 0 45 0
HWI-ST183_0204:4:21:21090:72393#0/2 0 0 0 0
HWI-ST183_0204:4:68:5313:39186#0/1 44 0 44 1
HWI-ST183_0204:4:68:5313:39186#0/2 33 0 33 12
HWI-ST183_0204:4:6:13106:73615#0/1 45 0 45 0
HWI-ST183_0204:4:6:13106:73615#0/2 45 0 45 0
HWI-ST183_0204:4:61:15670:136068#0/1 45 0 45 0
HWI-ST183_0204:4:61:15670:136068#0/2 45 0 45 0
HWI-ST183_0204:4:3:8817:164926#0/1 45 0 45 0
HWI-ST183_0204:4:3:8817:164926#0/2 34 0 34 11
HWI-ST183_0204:4:45:6342:157626#0/1 28 0 28 17
HWI-ST183_0204:4:45:6342:157626#0/2 45 0 45 0
HWI-ST183_0204:4:43:17308:50118#0/1 45 0 45 0
HWI-ST183_0204:4:43:17308:50118#0/2 45 0 45 0
HWI-ST183_0204:4:65:17534:197787#0/1 45 0 45 0
HWI-ST183_0204:4:65:17534:197787#0/2 34 0 34 11
HWI-ST183_0204:4:45:16651:141991#0/1 45 0 45 0
HWI-ST183_0204:4:45:16651:141991#0/2 45 0 45 0
HWI-ST183_0204:4:65:2892:3136#0/1 43 0 43 2
HWI-ST183_0204:4:65:2892:3136#0/2 45 0 45 0
HWI-ST183_0204:4:61:3557:149184#0/1 45 0 45 0
HWI-ST183_0204:4:61:3557:149184#0/2 45 0 45 0
HWI-ST183_0204:4:64:20298:188218#0/1 43 0 43 2
HWI-ST183_0204:4:64:20298:188218#0/2 0 0 0 0
HWI-ST183_0204:4:6:16034:61343#0/1 45 0 45 0
HWI-ST183_0204:4:6:16034:61343#0/2 45 0 45 0
HWI-ST183_0204:4:41:20750:177141#0/1 45 0 45 0
HWI-ST183_0204:4:41:20750:177141#0/2 27 0 27 18
HWI-ST183_0204:4:42:4064:79691#0/1 45 0 45 0
HWI-ST183_0204:4:42:4064:79691#0/2 45 0 45 0
HWI-ST183_0204:4:62:5769:37000#0/1 45 0 45 0
HWI-ST183_0204:4:62:5769:37000#0/2 45 0 45 0
HWI-ST183_0204:4:62:1986:192289#0/1 34 0 34 11
HWI-ST183_0204:4:62:1986:192289#0/2 41 0 41 4
HWI-ST183_0204:4:67:17181:49744#0/1 45 0 45 0
HWI-ST183_0204:4:67:17181:49744#0/2 45 0 45 0
HWI-ST183_0204:4:66:19747:181603#0/1 45 0 45 0
HWI-ST183_0204:4:66:19747:181603#0/2 45 0 45 0
HWI-ST183_0204:4:21:3663:142980#0/1 45 0 45 0
HWI-ST183_0204:4:21:3663:142980#0/2 38 0 38 7
HWI-ST183_0204:4:26:20834:47354#0/1 45 0 45 0
HWI-ST183_0204:4:26:20834:47354#0/2 0 0 0 0
HWI-ST183_0204:4:68:15167:19306#0/1 45 0 45 0
HWI-ST183_0204:4:68:15167:19306#0/2 45 0 45 0
HWI-ST183_0204:4:47:2289:186150#0/1 38 0 38 7
HWI-ST183_0204:4:47:2289:186150#0/2 34 0 34 11
HWI-ST183_0204:4:64:17823:30754#0/1 45 0 45 0
HWI-ST183_0204:4:64:17823:30754#0/2 45 0 45 0
HWI-ST183_0204:4:43:7038:83080#0/1 45 0 45 0
HWI-ST183_0204:4:43:7038:83080#0/2 0 0 0 0
HWI-ST183_0204:4:61:7851:163061#0/1 45 0 45 0
HWI-ST183_0204:4:61:7851:163061#0/2 44 0 44 1
HWI-ST183_0204:4:65:15560:122732#0/1 45 0 45 0
HWI-ST183_0204:4:65:15560:122732#0/2 45 0 45 0
HWI-ST183_0204:4:2:15217:163884#0/1 45 0 45 0
HWI-ST183_0204:4:2:15217:163884#0/2 45 0 45 0
HWI-ST183_0204:4:64:12448:83368#0/1 45 0 45 0
HWI-ST183_0204:4:64:12448:83368#0/2 45 0 45 0
HWI-ST183_0204:4:25:19193:190874#0/1 45 0 45 0
HWI-ST183_0204:4:25:19193:190874#0/2 45 0 45 0
HWI-ST183_0204:4:61:12036:80085#0/1 45 0 45 0
HWI-ST183_0204:4:61:12036:80085#0/2 45 0 45 0
HWI-ST183_0204:4:23:16470:171158#0/1 45 0 45 0
HWI-ST183_0204:4:23:16470:171158#0/2 45 0 45 0
HWI-ST183_0204:4:67:13436:62113#0/1 44 0 44 1
HWI-ST183_0204:4:67:13436:62113#0/2 31 0 31 14
HWI-ST183_0204:4:65:10403:53494#0/1 45 0 45 0
HWI-ST183_0204:4:65:10403:53494#0/2 45 0 45 0
HWI-ST183_0204:4:67:1833:187444#0/1 45 0 45 0
HWI-ST183_0204:4:67:1833:187444#0/2 45 0 45 0
HWI-ST183_0204:4:42:4031:184972#0/1 45 0 45 0
HWI-ST183_0204:4:42:4031:184972#0/2 24 0 24 21
HWI-ST183_0204:4:65:11340:30749#0/1 45 0 45 0
HWI-ST183_0204:4:65:11340:30749#0/2 45 0 45 0
HWI-ST183_0204:4:23:8368:2243#0/1 45 0 45 0
HWI-ST183_0204:4:23:8368:2243#0/2 0 0 0 0
HWI-ST183_0204:4:63:4732:89155#0/1 45 0 45 0
HWI-ST183_0204:4:63:4732:89155#0/2 45 0 45 0
HWI-ST183_0204:4:25:5048:102822#0/1 45 0 45 0
HWI-ST183_0204:4:25:5048:102822#0/2 45 0 45 0
HWI-ST183_0204:4:26:9716:110072#0/1 45 0 45 0
HWI-ST183_0204:4:26:9716:110072#0/2 45 0 45 0
HWI-ST183_0204:4:42:5585:109009#0/1 45 0 45 0
HWI-ST183_0204:4:42:5585:109009#0/2 0 0 0 0
HWI-ST183_0204:4:4:15186:13008#0/1 45 0 45 0
HWI-ST183_0204:4:4:15186:13008#0/2 45 0 45 0
HWI-ST183_0204:4:1:18669:43285#0/1 45 0 45 0
HWI-ST183_0204:4:1:18669:43285#0/2 45 0 45 0
HWI-ST183_0204:4:8:12093:51654#0/1 45 0 45 0
HWI-ST183_0204:4:8:12093:51654#0/2 45 0 45 0
HWI-ST183_0204:4:67:2553:164122#0/1 0 0 0 0
HWI-ST183_0204:4:67:2553:164122#0/2 0 0 0 0
HWI-ST183_0204:4:68:14081:174999#0/1 45 0 45 0
HWI-ST183_0204:4:68:14081:174999#0/2 45 0 45 0
HWI-ST183_0204:4:48:4786:51989#0/1 45 0 45 0
HWI-ST183_0204:4:48:4786:51989#0/2 0 0 0 0
HWI-ST183_0204:4:46:8213:144426#0/1 45 0 45 0
HWI-ST183_0204:4:46:8213:144426#0/2 45 0 45 0
HWI-ST183_0204:4:43:15566:123233#0/1 45 0 45 0
HWI-ST183_0204:4:43:15566:123233#0/2 45 0 45 0
HWI-ST183_0204:4:25:6070:140352#0/1 45 0 45 0
HWI-ST183_0204:4:25:6070:140352#0/2 45 0 45 0
HWI-ST183_0204:4:48:20509:138487#0/1 45 0 45 0
HWI-ST183_0204:4:48:20509:138487#0/2 0 0 0 0
HWI-ST183_0204:4:62:18785:193619#0/1 45 0 45 0
HWI-ST183_0204:4:62:18785:193619#0/2 45 0 45 0
HWI-ST183_0204:4:62:11564:164894#0/1 45 0 45 0
HWI-ST183_0204:4:62:11564:164894#0/2 44 0 44 1
HWI-ST183_0204:4:25:16446:112634#0/1 45 0 45 0
HWI-ST183_0204:4:25:16446:112634#0/2 45 0 45 0
HWI-ST183_0204:4:67:21167:189033#0/1 36 0 36 9
HWI-ST183_0204:4:67:21167:189033#0/2 22 0 22 23
HWI-ST183_0204:4:62:11350:158142#0/1 45 0 45 0
HWI-ST183_0204:4:62:11350:158142#0/2 45 0 45 0
HWI-ST183_0204:4:26:13193:33762#0/1 45 0 45 0
HWI-ST183_0204:4:26:13193:33762#0/2 45 0 45 0
HWI-ST183_0204:4:48:20425:126979#0/1 45 0 45 0
HWI-ST183_0204:4:48:20425:126979#0/2 0 0 0 0
HWI-ST183_0204:4:6:20063:168928#0/1 45 0 45 0
HWI-ST183_0204:4:6:20063:168928#0/2 0 0 0 0
HWI-ST183_0204:4:66:9481:11801#0/1 45 0 45 0
HWI-ST183_0204:4:66:9481:11801#0/2 45 0 45 0
HWI-ST183_0204:4:25:8748:37968#0/1 45 0 45 0
HWI-ST183_0204:4:25:8748:37968#0/2 30 0 30 15
HWI-ST183_0204:4:66:17236:123698#0/1 45 0 45 0
HWI-ST183_0204:4:66:17236:123698#0/2 45 0 45 0
HWI-ST183_0204:4:63:2252:176146#0/1 45 0 45 0
HWI-ST183_0204:4:63:2252:176146#0/2 45 0 45 0
HWI-ST183_0204:4:1:5631:40887#0/1 45 0 45 0
HWI-ST183_0204:4:1:5631:40887#0/2 45 0 45 0
HWI-ST183_0204:4:44:8795:26334#0/1 31 0 31 14
HWI-ST183_0204:4:44:8795:26334#0/2 0 0 0 0
HWI-ST183_0204:4:65:14065:93705#0/1 45 0 45 0
HWI-ST183_0204:4:65:14065:93705#0/2 45 0 45 0
HWI-ST183_0204:4:62:13349:51439#0/1 45 0 45 0
HWI-ST183_0204:4:62:13349:51439#0/2 0 0 0 0
HWI-ST183_0204:4:63:14495:169527#0/1 45 0 45 0
HWI-ST183_0204:4:63:14495:169527#0/2 45 0 45 0
HWI-ST183_0204:4:4:13332:44244#0/1 45 0 45 0
HWI-ST183_0204:4:4:13332:44244#0/2 45 0 45 0
HWI-ST183_0204:4:63:11509:154130#0/1 45 0 45 0
HWI-ST183_0204:4:63:11509:154130#0/2 45 0 45 0
HWI-ST183_0204:4:6:21201:7696#0/1 23 0 23 22
HWI-ST183_0204:4:6:21201:7696#0/2 29 0 29 16
HWI-ST183_0204:4:64:14363:175409#0/1 45 0 45 0
HWI-ST183_0204:4:64:14363:175409#0/2 0 0 0 0
HWI-ST183_0204:4:45:11613:179636#0/1 45 0 45 0
HWI-ST183_0204:4:45:11613:179636#0/2 0 0 0 0
HWI-ST183_0204:4:62:7976:154636#0/1 45 0 45 0
HWI-ST183_0204:4:62:7976:154636#0/2 0 0 0 0
HWI-ST183_0204:4:25:13687:55622#0/1 45 0 45 0
HWI-ST183_0204:4:25:13687:55622#0/2 45 0 45 0
HWI-ST183_0204:4:46:13715:5404#0/1 45 0 45 0
HWI-ST183_0204:4:46:13715:5404#0/2 45 0 45 0
HWI-ST183_0204:4:46:19591:63134#0/1 34 0 34 11
HWI-ST183_0204:4:46:19591:63134#0/2 0 0 0 0
HWI-ST183_0204:4:43:7746:162550#0/1 22 0 22 23
HWI-ST183_0204:4:43:7746:162550#0/2 45 0 45 0
HWI-ST183_0204:4:41:17038:10892#0/1 45 0 45 0
HWI-ST183_0204:4:41:17038:10892#0/2 45 0 45 0
HWI-ST183_0204:4:27:15291:178136#0/1 45 0 45 0
HWI-ST183_0204:4:27:15291:178136#0/2 0 0 0 0
HWI-ST183_0204:4:21:17252:160827#0/1 45 0 45 0
HWI-ST183_0204:4:21:17252:160827#0/2 24 0 24 21
HWI-ST183_0204:4:22:9711:188527#0/1 45 0 45 0
HWI-ST183_0204:4:22:9711:188527#0/2 0 0 0 0
HWI-ST183_0204:4:65:18999:3299#0/1 45 0 45 0
HWI-ST183_0204:4:65:18999:3299#0/2 45 0 45 0
HWI-ST183_0204:4:5:14628:56843#0/1 45 0 45 0
HWI-ST183_0204:4:5:14628:56843#0/2 42 0 42 3
HWI-ST183_0204:4:65:21188:158710#0/1 45 0 45 0
HWI-ST183_0204:4:65:21188:158710#0/2 30 0 30 15
HWI-ST183_0204:4:23:12015:114997#0/1 45 0 45 0
HWI-ST183_0204:4:23:12015:114997#0/2 45 0 45 0
HWI-ST183_0204:4:2:13624:199973#0/1 45 0 45 0
HWI-ST183_0204:4:2:13624:199973#0/2 45 0 45 0
HWI-ST183_0204:4:68:10451:191960#0/1 45 0 45 0
HWI-ST183_0204:4:68:10451:191960#0/2 0 0 0 0
HWI-ST183_0204:4:4:5922:101618#0/1 45 0 45 0
HWI-ST183_0204:4:4:5922:101618#0/2 39 0 39 6
HWI-ST183_0204:4:41:21198:142450#0/1 45 0 45 0
HWI-ST183_0204:4:41:21198:142450#0/2 45 0 45 0
HWI-ST183_0204:4:67:5350:187516#0/1 45 0 45 0
HWI-ST183_0204:4:67:5350:187516#0/2 43 0 43 2
HWI-ST183_0204:4:5:6470:99360#0/1 45 0 45 0
HWI-ST183_0204:4:5:6470:99360#0/2 45 0 45 0
HWI-ST183_0204:4:65:13922:5177#0/1 45 0 45 0
HWI-ST183_0204:4:65:13922:5177#0/2 45 0 45 0
HWI-ST183_0204:4:64:4537:45274#0/1 45 0 45 0
HWI-ST183_0204:4:64:4537:45274#0/2 45 0 45 0
HWI-ST183_0204:4:23:11136:7047#0/1 45 0 45 0
HWI-ST183_0204:4:23:11136:7047#0/2 45 0 45 0
HWI-ST183_0204:4:23:11793:118598#0/1 45 0 45 0
HWI-ST183_0204:4:23:11793:118598#0/2 45 0 45 0
HWI-ST183_0204:4:2:15733:185622#0/1 45 0 45 0
HWI-ST183_0204:4:2:15733:185622#0/2 39 0 39 6
HWI-ST183_0204:4:3:20649:30462#0/1 45 0 45 0
HWI-ST183_0204:4:3:20649:30462#0/2 45 0 45 0
HWI-ST183_0204:4:61:4745:111974#0/1 45 0 45 0
HWI-ST183_0204:4:61:4745:111974#0/2 45 0 45 0
HWI-ST183_0204:4:2:12500:163068#0/1 45 0 45 0
HWI-ST183_0204:4:2:12500:163068#0/2 39 0 39 6
HWI-ST183_0204:4:68:12652:49772#0/1 45 0 45 0
HWI-ST183_0204:4:68:12652:49772#0/2 45 0 45 0
HWI-ST183_0204:4:45:9826:175234#0/1 45 0 45 0
HWI-ST183_0204:4:45:9826:175234#0/2 45 0 45 0
HWI-ST183_0204:4:68:13724:198041#0/1 45 0 45 0
HWI-ST183_0204:4:68:13724:198041#0/2 0 0 0 0
HWI-ST183_0204:4:43:18588:100512#0/1 45 0 45 0
HWI-ST183_0204:4:43:18588:100512#0/2 33 0 33 12
HWI-ST183_0204:4:46:3691:193986#0/1 0 0 0 0
HWI-ST183_0204:4:46:3691:193986#0/2 0 0 0 0
HWI-ST183_0204:4:22:17230:84849#0/1 45 0 45 0
HWI-ST183_0204:4:22:17230:84849#0/2 45 0 45 0
HWI-ST183_0204:4:1:3800:57947#0/1 43 0 43 2
HWI-ST183_0204:4:1:3800:57947#0/2 45 0 45 0
HWI-ST183_0204:4:41:16408:157322#0/1 45 0 45 0
HWI-ST183_0204:4:41:16408:157322#0/2 45 0 45 0
HWI-ST183_0204:4:41:4078:187678#0/1 45 0 45 0
HWI-ST183_0204:4:41:4078:187678#0/2 45 0 45 0
HWI-ST183_0204:4:68:12142:100887#0/1 45 0 45 0
HWI-ST183_0204:4:68:12142:100887#0/2 45 0 45 0
HWI-ST183_0204:4:22:18825:192236#0/1 45 0 45 0
HWI-ST183_0204:4:22:18825:192236#0/2 45 0 45 0
HWI-ST183_0204:4:64:1338:143893#0/1 45 0 45 0
HWI-ST183_0204:4:64:1338:143893#0/2 45 0 45 0
HWI-ST183_0204:4:41:12977:135702#0/1 45 0 45 0
HWI-ST183_0204:4:41:12977:135702#0/2 45 0 45 0
HWI-ST183_0204:4:2:7573:86886#0/1 45 0 45 0
HWI-ST183_0204:4:2:7573:86886#0/2 45 0 45 0
HWI-ST183_0204:4:66:19111:196225#0/1 45 0 45 0
HWI-ST183_0204:4:66:19111:196225#0/2 45 0 45 0
HWI-ST183_0204:4:2:15069:77156#0/1 45 0 45 0
HWI-ST183_0204:4:2:15069:77156#0/2 45 0 45 0
HWI-ST183_0204:4:6:14443:107239#0/1 45 0 45 0
HWI-ST183_0204:4:6:14443:107239#0/2 39 0 39 6
HWI-ST183_0204:4:26:1979:92851#0/1 45 0 45 0
HWI-ST183_0204:4:26:1979:92851#0/2 45 0 45 0
HWI-ST183_0204:4:66:7323:6859#0/1 45 0 45 0
HWI-ST183_0204:4:66:7323:6859#0/2 45 0 45 0
HWI-ST183_0204:4:61:11378:132277#0/1 45 0 45 0
HWI-ST183_0204:4:61:11378:132277#0/2 0 0 0 0
HWI-ST183_0204:4:66:3503:16140#0/1 23 0 23 22
HWI-ST183_0204:4:66:3503:16140#0/2 45 0 45 0
HWI-ST183_0204:4:65:15260:113965#0/1 45 0 45 0
HWI-ST183_0204:4:65:15260:113965#0/2 45 0 45 0
HWI-ST183_0204:4:68:17314:176687#0/1 45 0 45 0
HWI-ST183_0204:4:68:17314:176687#0/2 38 0 38 7
HWI-ST183_0204:4:64:3774:59848#0/1 45 0 45 0
HWI-ST183_0204:4:64:3774:59848#0/2 45 0 45 0
HWI-ST183_0204:4:42:14779:192542#0/1 45 0 45 0
HWI-ST183_0204:4:42:14779:192542#0/2 45 0 45 0
HWI-ST183_0204:4:1:12606:159034#0/1 45 0 45 0
HWI-ST183_0204:4:1:12606:159034#0/2 45 0 45 0
HWI-ST183_0204:4:2:6990:9191#0/1 43 0 43 2
HWI-ST183_0204:4:2:6990:9191#0/2 44 0 44 1
HWI-ST183_0204:4:47:17612:3551#0/1 45 0 45 0
HWI-ST183_0204:4:47:17612:3551#0/2 45 0 45 0
HWI-ST183_0204:4:43:15075:70373#0/1 45 0 45 0
HWI-ST183_0204:4:43:15075:70373#0/2 45 0 45 0
HWI-ST183_0204:4:45:13864:66365#0/1 45 0 45 0
HWI-ST183_0204:4:45:13864:66365#0/2 45 0 45 0
HWI-ST183_0204:4:2:17432:133110#0/1 45 0 45 0
HWI-ST183_0204:4:2:17432:133110#0/2 45 0 45 0
HWI-ST183_0204:4:3:13295:143938#0/1 20 0 20 25
HWI-ST183_0204:4:3:13295:143938#0/2 27 0 27 18
HWI-ST183_0204:4:68:8358:25878#0/1 45 0 45 0
HWI-ST183_0204:4:68:8358:25878#0/2 38 0 38 7
HWI-ST183_0204:4:45:4453:135067#0/1 45 0 45 0
HWI-ST183_0204:4:45:4453:135067#0/2 45 0 45 0
HWI-ST183_0204:4:67:5497:162829#0/1 45 0 45 0
HWI-ST183_0204:4:67:5497:162829#0/2 45 0 45 0
HWI-ST183_0204:4:21:9253:44519#0/1 45 0 45 0
HWI-ST183_0204:4:21:9253:44519#0/2 45 0 45 0
HWI-ST183_0204:4:43:17460:174848#0/1 45 0 45 0
HWI-ST183_0204:4:43:17460:174848#0/2 45 0 45 0
HWI-ST183_0204:4:63:11027:17243#0/1 45 0 45 0
HWI-ST183_0204:4:63:11027:17243#0/2 45 0 45 0
HWI-ST183_0204:4:65:13534:12480#0/1 45 0 45 0
HWI-ST183_0204:4:65:13534:12480#0/2 45 0 45 0
HWI-ST183_0204:4:42:10646:194811#0/1 45 0 45 0
HWI-ST183_0204:4:42:10646:194811#0/2 45 0 45 0
HWI-ST183_0204:4:25:18590:51677#0/1 45 0 45 0
HWI-ST183_0204:4:25:18590:51677#0/2 45 0 45 0
HWI-ST183_0204:4:44:3143:67416#0/1 45 0 45 0
HWI-ST183_0204:4:44:3143:67416#0/2 34 0 34 11
HWI-ST183_0204:4:65:13099:72052#0/1 45 0 45 0
HWI-ST183_0204:4:65:13099:72052#0/2 45 0 45 0
HWI-ST183_0204:4:4:8809:197174#0/1 45 0 45 0
HWI-ST183_0204:4:4:8809:197174#0/2 45 0 45 0
HWI-ST183_0204:4:21:14199:99737#0/1 45 0 45 0
HWI-ST183_0204:4:21:14199:99737#0/2 45 0 45 0
HWI-ST183_0204:4:24:18230:121828#0/1 45 0 45 0
HWI-ST183_0204:4:24:18230:121828#0/2 45 0 45 0
HWI-ST183_0204:4:47:17751:187912#0/1 45 0 45 0
HWI-ST183_0204:4:47:17751:187912#0/2 45 0 45 0
HWI-ST183_0204:4:48:14578:14060#0/1 45 0 45 0
HWI-ST183_0204:4:48:14578:14060#0/2 0 0 0 0
HWI-ST183_0204:4:48:4684:86781#0/1 34 0 34 11
HWI-ST183_0204:4:48:4684:86781#0/2 0 0 0 0
HWI-ST183_0204:4:66:16548:19529#0/1 45 0 45 0
HWI-ST183_0204:4:66:16548:19529#0/2 45 0 45 0
HWI-ST183_0204:4:48:6145:63867#0/1 24 0 24 21
HWI-ST183_0204:4:48:6145:63867#0/2 0 0 0 0
HWI-ST183_0204:4:61:10206:3008#0/1 45 0 45 0
HWI-ST183_0204:4:61:10206:3008#0/2 45 0 45 0
HWI-ST183_0204:4:3:6572:197875#0/1 45 0 45 0
HWI-ST183_0204:4:3:6572:197875#0/2 45 0 45 0
HWI-ST183_0204:4:46:9753:116047#0/1 45 0 45 0
HWI-ST183_0204:4:46:9753:116047#0/2 45 0 45 0
HWI-ST183_0204:4:21:1971:91617#0/1 45 0 45 0
HWI-ST183_0204:4:21:1971:91617#0/2 38 0 38 7
HWI-ST183_0204:4:47:9426:155276#0/1 45 0 45 0
HWI-ST183_0204:4:47:9426:155276#0/2 45 0 45 0
HWI-ST183_0204:4:6:1632:147082#0/1 34 0 34 11
HWI-ST183_0204:4:6:1632:147082#0/2 45 0 45 0
HWI-ST183_0204:4:5:13989:187059#0/1 45 0 45 0
HWI-ST183_0204:4:5:13989:187059#0/2 0 0 0 0
HWI-ST183_0204:4:44:6427:80125#0/1 45 0 45 0
HWI-ST183_0204:4:44:6427:80125#0/2 45 0 45 0
HWI-ST183_0204:4:67:6345:51395#0/1 45 0 45 0
HWI-ST183_0204:4:67:6345:51395#0/2 32 0 32 13
HWI-ST183_0204:4:45:15351:26480#0/1 45 0 45 0
HWI-ST183_0204:4:45:15351:26480#0/2 39 0 39 6
HWI-ST183_0204:4:2:5642:68122#0/1 45 0 45 0
HWI-ST183_0204:4:2:5642:68122#0/2 39 0 39 6
HWI-ST183_0204:4:8:19156:140872#0/1 45 0 45 0
HWI-ST183_0204:4:8:19156:140872#0/2 45 0 45 0
HWI-ST183_0204:4:25:14997:108338#0/1 45 0 45 0
HWI-ST183_0204:4:25:14997:108338#0/2 22 0 22 23
HWI-ST183_0204:4:27:4848:15748#0/1 45 0 45 0
HWI-ST183_0204:4:27:4848:15748#0/2 0 0 0 0
HWI-ST183_0204:4:68:21047:18523#0/1 45 0 45 0
HWI-ST183_0204:4:68:21047:18523#0/2 38 0 38 7
HWI-ST183_0204:4:25:16812:163139#0/1 45 0 45 0
HWI-ST183_0204:4:25:16812:163139#0/2 45 0 45 0
HWI-ST183_0204:4:42:15844:193079#0/1 34 0 34 11
HWI-ST183_0204:4:42:15844:193079#0/2 45 0 45 0
HWI-ST183_0204:4:25:1219:57713#0/1 45 0 45 0
HWI-ST183_0204:4:25:1219:57713#0/2 31 0 31 14
HWI-ST183_0204:4:62:6839:139695#0/1 45 0 45 0
HWI-ST183_0204:4:62:6839:139695#0/2 45 0 45 0
HWI-ST183_0204:4:47:11195:91867#0/1 45 0 45 0
HWI-ST183_0204:4:47:11195:91867#0/2 45 0 45 0
HWI-ST183_0204:4:45:13736:67776#0/1 45 0 45 0
HWI-ST183_0204:4:45:13736:67776#0/2 0 0 0 0
HWI-ST183_0204:4:43:15338:6900#0/1 45 0 45 0
HWI-ST183_0204:4:43:15338:6900#0/2 45 0 45 0
HWI-ST183_0204:4:3:12270:58970#0/1 45 0 45 0
HWI-ST183_0204:4:3:12270:58970#0/2 45 0 45 0
HWI-ST183_0204:4:5:2659:52270#0/1 45 0 45 0
HWI-ST183_0204:4:5:2659:52270#0/2 45 0 45 0
HWI-ST183_0204:4:61:5022:142391#0/1 45 0 45 0
HWI-ST183_0204:4:61:5022:142391#0/2 45 0 45 0
HWI-ST183_0204:4:45:1311:76238#0/1 45 0 45 0
HWI-ST183_0204:4:45:1311:76238#0/2 37 0 37 8
HWI-ST183_0204:4:62:7578:65221#0/1 45 0 45 0
HWI-ST183_0204:4:62:7578:65221#0/2 45 0 45 0
HWI-ST183_0204:4:68:15833:40354#0/1 45 0 45 0
HWI-ST183_0204:4:68:15833:40354#0/2 45 0 45 0
HWI-ST183_0204:4:61:4396:28673#0/1 45 0 45 0
HWI-ST183_0204:4:61:4396:28673#0/2 45 0 45 0
HWI-ST183_0204:4:3:11646:136057#0/1 39 0 39 6
HWI-ST183_0204:4:3:11646:136057#0/2 45 0 45 0
HWI-ST183_0204:4:21:14181:49005#0/1 45 0 45 0
HWI-ST183_0204:4:21:14181:49005#0/2 39 0 39 6
HWI-ST183_0204:4:4:17214:104591#0/1 45 0 45 0
HWI-ST183_0204:4:4:17214:104591#0/2 45 0 45 0
HWI-ST183_0204:4:4:14666:73144#0/1 45 0 45 0
HWI-ST183_0204:4:4:14666:73144#0/2 45 0 45 0
HWI-ST183_0204:4:48:15520:158026#0/1 45 0 45 0
HWI-ST183_0204:4:48:15520:158026#0/2 0 0 0 0
HWI-ST183_0204:4:24:6276:65434#0/1 45 0 45 0
HWI-ST183_0204:4:24:6276:65434#0/2 33 0 33 12
HWI-ST183_0204:4:23:17348:127728#0/1 45 0 45 0
HWI-ST183_0204:4:23:17348:127728#0/2 45 0 45 0
HWI-ST183_0204:4:42:3010:15387#0/1 43 0 43 2
HWI-ST183_0204:4:42:3010:15387#0/2 0 0 0 0
HWI-ST183_0204:4:64:5058:109681#0/1 45 0 45 0
HWI-ST183_0204:4:64:5058:109681#0/2 45 0 45 0
HWI-ST183_0204:4:41:8176:63736#0/1 45 0 45 0
HWI-ST183_0204:4:41:8176:63736#0/2 45 0 45 0
HWI-ST183_0204:4:21:14485:29946#0/1 45 0 45 0
HWI-ST183_0204:4:21:14485:29946#0/2 20 0 20 25
HWI-ST183_0204:4:1:8486:98710#0/1 45 0 45 0
HWI-ST183_0204:4:1:8486:98710#0/2 45 0 45 0
HWI-ST183_0204:4:22:3367:184435#0/1 45 0 45 0
HWI-ST183_0204:4:22:3367:184435#0/2 45 0 45 0
HWI-ST183_0204:4:62:19636:96488#0/1 45 0 45 0
HWI-ST183_0204:4:62:19636:96488#0/2 45 0 45 0
HWI-ST183_0204:4:42:4726:167935#0/1 45 0 45 0
HWI-ST183_0204:4:42:4726:167935#0/2 45 0 45 0
HWI-ST183_0204:4:45:13549:13765#0/1 45 0 45 0
HWI-ST183_0204:4:45:13549:13765#0/2 45 0 45 0
HWI-ST183_0204:4:67:13817:16917#0/1 45 0 45 0
HWI-ST183_0204:4:67:13817:16917#0/2 45 0 45 0
HWI-ST183_0204:4:62:6660:151575#0/1 45 0 45 0
HWI-ST183_0204:4:62:6660:151575#0/2 40 0 40 5
HWI-ST183_0204:4:45:8279:120031#0/1 45 0 45 0
HWI-ST183_0204:4:45:8279:120031#0/2 45 0 45 0
HWI-ST183_0204:4:67:12047:56743#0/1 45 0 45 0
HWI-ST183_0204:4:67:12047:56743#0/2 45 0 45 0
HWI-ST183_0204:4:46:13605:110176#0/1 45 0 45 0
HWI-ST183_0204:4:46:13605:110176#0/2 45 0 45 0
HWI-ST183_0204:4:2:12750:83781#0/1 45 0 45 0
HWI-ST183_0204:4:2:12750:83781#0/2 45 0 45 0
HWI-ST183_0204:4:5:11612:32240#0/1 45 0 45 0
HWI-ST183_0204:4:5:11612:32240#0/2 45 0 45 0
HWI-ST183_0204:4:61:20373:115675#0/1 45 0 45 0
HWI-ST183_0204:4:61:20373:115675#0/2 0 0 0 0
HWI-ST183_0204:4:1:4342:49758#0/1 45 0 45 0
HWI-ST183_0204:4:1:4342:49758#0/2 45 0 45 0
HWI-ST183_0204:4:61:8597:60917#0/1 45 0 45 0
HWI-ST183_0204:4:61:8597:60917#0/2 42 0 42 3
HWI-ST183_0204:4:48:14343:104926#0/1 45 0 45 0
HWI-ST183_0204:4:48:14343:104926#0/2 0 0 0 0
HWI-ST183_0204:4:43:11667:89805#0/1 45 0 45 0
HWI-ST183_0204:4:43:11667:89805#0/2 45 0 45 0
HWI-ST183_0204:4:3:20977:37947#0/1 45 0 45 0
HWI-ST183_0204:4:3:20977:37947#0/2 45 0 45 0
HWI-ST183_0204:4:27:8239:143592#0/1 45 0 45 0
HWI-ST183_0204:4:27:8239:143592#0/2 45 0 45 0
HWI-ST183_0204:4:43:9703:161931#0/1 45 0 45 0
HWI-ST183_0204:4:43:9703:161931#0/2 45 0 45 0
HWI-ST183_0204:4:8:11880:116652#0/1 45 0 45 0
HWI-ST183_0204:4:8:11880:116652#0/2 45 0 45 0
HWI-ST183_0204:4:8:13990:55537#0/1 45 0 45 0
HWI-ST183_0204:4:8:13990:55537#0/2 45 0 45 0
HWI-ST183_0204:4:24:3297:100229#0/1 45 0 45 0
HWI-ST183_0204:4:24:3297:100229#0/2 29 0 29 16
HWI-ST183_0204:4:24:12116:125516#0/1 45 0 45 0
HWI-ST183_0204:4:24:12116:125516#0/2 45 0 45 0
HWI-ST183_0204:4:22:3996:158124#0/1 45 0 45 0
HWI-ST183_0204:4:22:3996:158124#0/2 0 0 0 0
HWI-ST183_0204:4:63:3001:79752#0/1 45 0 45 0
HWI-ST183_0204:4:63:3001:79752#0/2 45 0 45 0
HWI-ST183_0204:4:43:12597:36811#0/1 45 0 45 0
HWI-ST183_0204:4:43:12597:36811#0/2 45 0 45 0
HWI-ST183_0204:4:23:14688:160926#0/1 38 0 38 7
HWI-ST183_0204:4:23:14688:160926#0/2 45 0 45 0
HWI-ST183_0204:4:3:8952:139778#0/1 45 0 45 0
HWI-ST183_0204:4:3:8952:139778#0/2 45 0 45 0
HWI-ST183_0204:4:25:5042:189498#0/1 45 0 45 0
HWI-ST183_0204:4:25:5042:189498#0/2 38 0 38 7
HWI-ST183_0204:4:6:17744:19858#0/1 45 0 45 0
HWI-ST183_0204:4:6:17744:19858#0/2 45 0 45 0
HWI-ST183_0204:4:61:4909:72566#0/1 45 0 45 0
HWI-ST183_0204:4:61:4909:72566#0/2 45 0 45 0
HWI-ST183_0204:4:5:13032:177465#0/1 45 0 45 0
HWI-ST183_0204:4:5:13032:177465#0/2 45 0 45 0
HWI-ST183_0204:4:8:19112:170594#0/1 45 0 45 0
HWI-ST183_0204:4:8:19112:170594#0/2 45 0 45 0
HWI-ST183_0204:4:27:1619:135452#0/1 41 0 41 4
HWI-ST183_0204:4:27:1619:135452#0/2 45 0 45 0
HWI-ST183_0204:4:68:12615:197127#0/1 41 0 41 4
HWI-ST183_0204:4:68:12615:197127#0/2 39 0 39 6
HWI-ST183_0204:4:42:6833:24846#0/1 45 0 45 0
HWI-ST183_0204:4:42:6833:24846#0/2 20 0 20 25
HWI-ST183_0204:4:41:20657:33400#0/1 45 0 45 0
HWI-ST183_0204:4:41:20657:33400#0/2 45 0 45 0
HWI-ST183_0204:4:63:18541:180477#0/1 45 0 45 0
HWI-ST183_0204:4:63:18541:180477#0/2 44 0 44 1
HWI-ST183_0204:4:21:2718:153270#0/1 45 0 45 0
HWI-ST183_0204:4:21:2718:153270#0/2 45 0 45 0
HWI-ST183_0204:4:65:12819:74971#0/1 40 0 40 5
HWI-ST183_0204:4:65:12819:74971#0/2 0 0 0 0
HWI-ST183_0204:4:22:3770:57036#0/1 45 0 45 0
HWI-ST183_0204:4:22:3770:57036#0/2 45 0 45 0
HWI-ST183_0204:4:45:11159:16989#0/1 45 0 45 0
HWI-ST183_0204:4:45:11159:16989#0/2 45 0 45 0
HWI-ST183_0204:4:23:5144:167703#0/1 45 0 45 0
HWI-ST183_0204:4:23:5144:167703#0/2 45 0 45 0
HWI-ST183_0204:4:67:9433:61432#0/1 45 0 45 0
HWI-ST183_0204:4:67:9433:61432#0/2 45 0 45 0
HWI-ST183_0204:4:68:6909:89029#0/1 45 0 45 0
HWI-ST183_0204:4:68:6909:89029#0/2 21 0 21 24
HWI-ST183_0204:4:27:5305:200587#0/1 45 0 45 0
HWI-ST183_0204:4:27:5305:200587#0/2 45 0 45 0
HWI-ST183_0204:4:66:14415:143566#0/1 45 0 45 0
HWI-ST183_0204:4:66:14415:143566#0/2 45 0 45 0
HWI-ST183_0204:4:21:9378:122018#0/1 45 0 45 0
HWI-ST183_0204:4:21:9378:122018#0/2 39 0 39 6
HWI-ST183_0204:4:8:7520:177182#0/1 45 0 45 0
HWI-ST183_0204:4:8:7520:177182#0/2 39 0 39 6
HWI-ST183_0204:4:66:20842:34077#0/1 45 0 45 0
HWI-ST183_0204:4:66:20842:34077#0/2 35 0 35 10
HWI-ST183_0204:4:67:3582:81355#0/1 45 0 45 0
HWI-ST183_0204:4:67:3582:81355#0/2 45 0 45 0
HWI-ST183_0204:4:1:7046:114115#0/1 45 0 45 0
HWI-ST183_0204:4:1:7046:114115#0/2 45 0 45 0
HWI-ST183_0204:4:64:5941:109477#0/1 45 0 45 0
HWI-ST183_0204:4:64:5941:109477#0/2 37 0 37 8
HWI-ST183_0204:4:25:11191:105088#0/1 45 0 45 0
HWI-ST183_0204:4:25:11191:105088#0/2 22 0 22 23
HWI-ST183_0204:4:24:13216:20893#0/1 29 0 29 16
HWI-ST183_0204:4:24:13216:20893#0/2 0 0 0 0
HWI-ST183_0204:4:62:15324:64335#0/1 45 0 45 0
HWI-ST183_0204:4:62:15324:64335#0/2 45 0 45 0
HWI-ST183_0204:4:48:8380:101230#0/1 45 0 45 0
HWI-ST183_0204:4:48:8380:101230#0/2 0 0 0 0
HWI-ST183_0204:4:43:14983:23506#0/1 22 0 22 23
HWI-ST183_0204:4:43:14983:23506#0/2 45 0 45 0
HWI-ST183_0204:4:48:14627:63194#0/1 45 0 45 0
HWI-ST183_0204:4:48:14627:63194#0/2 0 0 0 0
HWI-ST183_0204:4:46:11773:101184#0/1 45 0 45 0
HWI-ST183_0204:4:46:11773:101184#0/2 45 0 45 0
HWI-ST183_0204:4:68:2675:132280#0/1 45 0 45 0
HWI-ST183_0204:4:68:2675:132280#0/2 45 0 45 0
HWI-ST183_0204:4:45:14655:90359#0/1 45 0 45 0
HWI-ST183_0204:4:45:14655:90359#0/2 45 0 45 0
HWI-ST183_0204:4:42:15487:186086#0/1 45 0 45 0
HWI-ST183_0204:4:42:15487:186086#0/2 45 0 45 0
HWI-ST183_0204:4:66:5267:177590#0/1 45 0 45 0
HWI-ST183_0204:4:66:5267:177590#0/2 45 0 45 0
HWI-ST183_0204:4:62:6312:43865#0/1 45 0 45 0
HWI-ST183_0204:4:62:6312:43865#0/2 45 0 45 0
HWI-ST183_0204:4:43:9921:184301#0/1 45 0 45 0
HWI-ST183_0204:4:43:9921:184301#0/2 45 0 45 0
HWI-ST183_0204:4:68:14834:50176#0/1 45 0 45 0
HWI-ST183_0204:4:68:14834:50176#0/2 45 0 45 0
HWI-ST183_0204:4:26:11579:135872#0/1 45 0 45 0
HWI-ST183_0204:4:26:11579:135872#0/2 45 0 45 0
HWI-ST183_0204:4:65:12953:120758#0/1 45 0 45 0
HWI-ST183_0204:4:65:12953:120758#0/2 45 0 45 0
HWI-ST183_0204:4:48:3831:187101#0/1 45 0 45 0
HWI-ST183_0204:4:48:3831:187101#0/2 0 0 0 0
HWI-ST183_0204:4:21:4749:18620#0/1 31 0 31 14
HWI-ST183_0204:4:21:4749:18620#0/2 0 0 0 0
HWI-ST183_0204:4:62:5195:46563#0/1 45 0 45 0
HWI-ST183_0204:4:62:5195:46563#0/2 45 0 45 0
HWI-ST183_0204:4:47:18218:154871#0/1 45 0 45 0
HWI-ST183_0204:4:47:18218:154871#0/2 45 0 45 0
HWI-ST183_0204:4:2:20794:41363#0/1 45 0 45 0
HWI-ST183_0204:4:2:20794:41363#0/2 45 0 45 0
HWI-ST183_0204:4:46:18781:173556#0/1 0 0 0 0
HWI-ST183_0204:4:46:18781:173556#0/2 0 0 0 0
HWI-ST183_0204:4:6:13961:162986#0/1 45 0 45 0
HWI-ST183_0204:4:6:13961:162986#0/2 45 0 45 0
HWI-ST183_0204:4:47:2098:54163#0/1 45 0 45 0
HWI-ST183_0204:4:47:2098:54163#0/2 38 0 38 7
HWI-ST183_0204:4:63:4258:72743#0/1 45 0 45 0
HWI-ST183_0204:4:63:4258:72743#0/2 45 0 45 0
HWI-ST183_0204:4:68:8233:43173#0/1 45 0 45 0
HWI-ST183_0204:4:68:8233:43173#0/2 43 0 43 2
HWI-ST183_0204:4:24:20236:139903#0/1 30 0 30 15
HWI-ST183_0204:4:24:20236:139903#0/2 0 0 0 0
HWI-ST183_0204:4:42:8375:69445#0/1 45 0 45 0
HWI-ST183_0204:4:42:8375:69445#0/2 45 0 45 0
HWI-ST183_0204:4:45:13966:117576#0/1 45 0 45 0
HWI-ST183_0204:4:45:13966:117576#0/2 39 0 39 6
HWI-ST183_0204:4:27:13466:131604#0/1 45 0 45 0
HWI-ST183_0204:4:27:13466:131604#0/2 45 0 45 0
HWI-ST183_0204:4:27:18245:48902#0/1 45 0 45 0
HWI-ST183_0204:4:27:18245:48902#0/2 45 0 45 0
HWI-ST183_0204:4:47:6550:123573#0/1 45 0 45 0
HWI-ST183_0204:4:47:6550:123573#0/2 45 0 45 0
HWI-ST183_0204:4:62:19242:192515#0/1 45 0 45 0
HWI-ST183_0204:4:62:19242:192515#0/2 44 0 44 1
HWI-ST183_0204:4:2:4851:65673#0/1 45 0 45 0
HWI-ST183_0204:4:2:4851:65673#0/2 45 0 45 0
HWI-ST183_0204:4:6:20003:48964#0/1 45 0 45 0
HWI-ST183_0204:4:6:20003:48964#0/2 45 0 45 0
HWI-ST183_0204:4:47:1760:65610#0/1 0 0 0 0
HWI-ST183_0204:4:47:1760:65610#0/2 0 0 0 0
HWI-ST183_0204:4:1:19827:194952#0/1 45 0 45 0
HWI-ST183_0204:4:1:19827:194952#0/2 45 0 45 0
HWI-ST183_0204:4:4:9891:176733#0/1 45 0 45 0
HWI-ST183_0204:4:4:9891:176733#0/2 45 0 45 0
HWI-ST183_0204:4:2:7267:126916#0/1 45 0 45 0
HWI-ST183_0204:4:2:7267:126916#0/2 44 0 44 1
HWI-ST183_0204:4:24:4459:106838#0/1 45 0 45 0
HWI-ST183_0204:4:24:4459:106838#0/2 0 0 0 0
HWI-ST183_0204:4:2:8705:37136#0/1 45 0 45 0
HWI-ST183_0204:4:2:8705:37136#0/2 45 0 45 0
HWI-ST183_0204:4:8:14659:25587#0/1 45 0 45 0
HWI-ST183_0204:4:8:14659:25587#0/2 45 0 45 0
HWI-ST183_0204:4:44:20339:104276#0/1 45 0 45 0
HWI-ST183_0204:4:44:20339:104276#0/2 0 0 0 0
HWI-ST183_0204:4:3:11803:98284#0/1 45 0 45 0
HWI-ST183_0204:4:3:11803:98284#0/2 45 0 45 0
HWI-ST183_0204:4:65:10567:178675#0/1 45 0 45 0
HWI-ST183_0204:4:65:10567:178675#0/2 45 0 45 0
HWI-ST183_0204:4:61:11082:46899#0/1 45 0 45 0
HWI-ST183_0204:4:61:11082:46899#0/2 0 0 0 0
HWI-ST183_0204:4:4:16532:116388#0/1 45 0 45 0
HWI-ST183_0204:4:4:16532:116388#0/2 38 0 38 7
HWI-ST183_0204:4:6:21254:79965#0/1 45 0 45 0
HWI-ST183_0204:4:6:21254:79965#0/2 45 0 45 0
HWI-ST183_0204:4:66:12941:140611#0/1 45 0 45 0
HWI-ST183_0204:4:66:12941:140611#0/2 43 0 43 2
HWI-ST183_0204:4:68:1650:142997#0/1 0 0 0 0
HWI-ST183_0204:4:68:1650:142997#0/2 31 0 31 14
HWI-ST183_0204:4:62:12962:188986#0/1 45 0 45 0
HWI-ST183_0204:4:62:12962:188986#0/2 0 0 0 0
HWI-ST183_0204:4:41:8772:41255#0/1 45 0 45 0
HWI-ST183_0204:4:41:8772:41255#0/2 45 0 45 0
HWI-ST183_0204:4:8:12256:169817#0/1 45 0 45 0
HWI-ST183_0204:4:8:12256:169817#0/2 28 0 28 17
HWI-ST183_0204:4:44:7791:6438#0/1 45 0 45 0
HWI-ST183_0204:4:44:7791:6438#0/2 45 0 45 0
HWI-ST183_0204:4:23:11013:109492#0/1 45 0 45 0
HWI-ST183_0204:4:23:11013:109492#0/2 45 0 45 0
HWI-ST183_0204:4:61:18819:72632#0/1 45 0 45 0
HWI-ST183_0204:4:61:18819:72632#0/2 38 0 38 7
HWI-ST183_0204:4:44:9932:68934#0/1 45 0 45 0
HWI-ST183_0204:4:44:9932:68934#0/2 0 0 0 0
HWI-ST183_0204:4:44:12782:41189#0/1 45 0 45 0
HWI-ST183_0204:4:44:12782:41189#0/2 45 0 45 0
HWI-ST183_0204:4:22:9427:140422#0/1 45 0 45 0
HWI-ST183_0204:4:22:9427:140422#0/2 45 0 45 0
HWI-ST183_0204:4:3:16796:147967#0/1 45 0 45 0
HWI-ST183_0204:4:3:16796:147967#0/2 45 0 45 0
HWI-ST183_0204:4:64:15316:11220#0/1 45 0 45 0
HWI-ST183_0204:4:64:15316:11220#0/2 45 0 45 0
HWI-ST183_0204:4:65:14177:125183#0/1 45 0 45 0
HWI-ST183_0204:4:65:14177:125183#0/2 45 0 45 0
HWI-ST183_0204:4:48:14666:164756#0/1 45 0 45 0
HWI-ST183_0204:4:48:14666:164756#0/2 0 0 0 0
HWI-ST183_0204:4:23:10888:16264#0/1 45 0 45 0
HWI-ST183_0204:4:23:10888:16264#0/2 45 0 45 0
HWI-ST183_0204:4:41:13206:135923#0/1 45 0 45 0
HWI-ST183_0204:4:41:13206:135923#0/2 45 0 45 0
HWI-ST183_0204:4:46:7477:148867#0/1 45 0 45 0
HWI-ST183_0204:4:46:7477:148867#0/2 45 0 45 0
HWI-ST183_0204:4:63:15115:99036#0/1 24 0 24 21
HWI-ST183_0204:4:63:15115:99036#0/2 0 0 0 0
HWI-ST183_0204:4:64:18899:141447#0/1 45 0 45 0
HWI-ST183_0204:4:64:18899:141447#0/2 45 0 45 0
HWI-ST183_0204:4:2:16791:59287#0/1 45 0 45 0
HWI-ST183_0204:4:2:16791:59287#0/2 45 0 45 0
HWI-ST183_0204:4:41:4366:183753#0/1 29 0 29 16
HWI-ST183_0204:4:41:4366:183753#0/2 45 0 45 0
HWI-ST183_0204:4:23:20760:163226#0/1 45 0 45 0
HWI-ST183_0204:4:23:20760:163226#0/2 45 0 45 0
HWI-ST183_0204:4:22:5657:156013#0/1 45 0 45 0
HWI-ST183_0204:4:22:5657:156013#0/2 45 0 45 0
HWI-ST183_0204:4:64:5909:172188#0/1 45 0 45 0
HWI-ST183_0204:4:64:5909:172188#0/2 45 0 45 0
HWI-ST183_0204:4:47:10858:144463#0/1 45 0 45 0
HWI-ST183_0204:4:47:10858:144463#0/2 45 0 45 0
HWI-ST183_0204:4:41:11547:81699#0/1 45 0 45 0
HWI-ST183_0204:4:41:11547:81699#0/2 45 0 45 0
HWI-ST183_0204:4:42:13102:113309#0/1 45 0 45 0
HWI-ST183_0204:4:42:13102:113309#0/2 45 0 45 0
HWI-ST183_0204:4:47:18998:83969#0/1 45 0 45 0
HWI-ST183_0204:4:47:18998:83969#0/2 45 0 45 0
HWI-ST183_0204:4:23:2883:157067#0/1 45 0 45 0
HWI-ST183_0204:4:23:2883:157067#0/2 45 0 45 0
HWI-ST183_0204:4:47:6504:12764#0/1 45 0 45 0
HWI-ST183_0204:4:47:6504:12764#0/2 45 0 45 0
HWI-ST183_0204:4:2:18835:34818#0/1 45 0 45 0
HWI-ST183_0204:4:2:18835:34818#0/2 45 0 45 0
HWI-ST183_0204:4:63:14443:124794#0/1 45 0 45 0
HWI-ST183_0204:4:63:14443:124794#0/2 45 0 45 0
HWI-ST183_0204:4:26:11626:182970#0/1 45 0 45 0
HWI-ST183_0204:4:26:11626:182970#0/2 45 0 45 0
HWI-ST183_0204:4:21:10865:79310#0/1 45 0 45 0
HWI-ST183_0204:4:21:10865:79310#0/2 45 0 45 0
HWI-ST183_0204:4:24:11540:97806#0/1 45 0 45 0
HWI-ST183_0204:4:24:11540:97806#0/2 0 0 0 0
HWI-ST183_0204:4:6:15619:141467#0/1 45 0 45 0
HWI-ST183_0204:4:6:15619:141467#0/2 0 0 0 0
HWI-ST183_0204:4:23:3403:141438#0/1 45 0 45 0
HWI-ST183_0204:4:23:3403:141438#0/2 41 0 41 4
HWI-ST183_0204:4:8:12651:131300#0/1 45 0 45 0
HWI-ST183_0204:4:8:12651:131300#0/2 39 0 39 6
HWI-ST183_0204:4:66:8687:145156#0/1 45 0 45 0
HWI-ST183_0204:4:66:8687:145156#0/2 45 0 45 0
HWI-ST183_0204:4:5:5867:80877#0/1 45 0 45 0
HWI-ST183_0204:4:5:5867:80877#0/2 45 0 45 0
HWI-ST183_0204:4:41:7230:153510#0/1 30 0 30 15
HWI-ST183_0204:4:41:7230:153510#0/2 45 0 45 0
HWI-ST183_0204:4:68:4693:149564#0/1 45 0 45 0
HWI-ST183_0204:4:68:4693:149564#0/2 38 0 38 7
HWI-ST183_0204:4:22:16254:7914#0/1 45 0 45 0
HWI-ST183_0204:4:22:16254:7914#0/2 44 0 44 1
HWI-ST183_0204:4:23:20721:141527#0/1 45 0 45 0
HWI-ST183_0204:4:23:20721:141527#0/2 45 0 45 0
HWI-ST183_0204:4:45:19191:136176#0/1 20 0 20 25
HWI-ST183_0204:4:45:19191:136176#0/2 0 0 0 0
HWI-ST183_0204:4:61:18142:43057#0/1 45 0 45 0
HWI-ST183_0204:4:61:18142:43057#0/2 45 0 45 0
HWI-ST183_0204:4:6:18103:176202#0/1 45 0 45 0
HWI-ST183_0204:4:6:18103:176202#0/2 0 0 0 0
HWI-ST183_0204:4:45:10227:77185#0/1 45 0 45 0
HWI-ST183_0204:4:45:10227:77185#0/2 45 0 45 0
HWI-ST183_0204:4:5:9343:178741#0/1 45 0 45 0
HWI-ST183_0204:4:5:9343:178741#0/2 45 0 45 0
HWI-ST183_0204:4:68:4012:102817#0/1 45 0 45 0
HWI-ST183_0204:4:68:4012:102817#0/2 45 0 45 0
HWI-ST183_0204:4:24:16317:176776#0/1 45 0 45 0
HWI-ST183_0204:4:24:16317:176776#0/2 45 0 45 0
HWI-ST183_0204:4:65:13392:98141#0/1 45 0 45 0
HWI-ST183_0204:4:65:13392:98141#0/2 45 0 45 0
HWI-ST183_0204:4:23:9551:125347#0/1 45 0 45 0
HWI-ST183_0204:4:23:9551:125347#0/2 45 0 45 0
HWI-ST183_0204:4:42:7707:198836#0/1 45 0 45 0
HWI-ST183_0204:4:42:7707:198836#0/2 32 0 32 13
HWI-ST183_0204:4:41:4660:72767#0/1 45 0 45 0
HWI-ST183_0204:4:41:4660:72767#0/2 45 0 45 0
HWI-ST183_0204:4:23:14501:108150#0/1 45 0 45 0
HWI-ST183_0204:4:23:14501:108150#0/2 45 0 45 0
HWI-ST183_0204:4:43:13874:79847#0/1 45 0 45 0
HWI-ST183_0204:4:43:13874:79847#0/2 45 0 45 0
HWI-ST183_0204:4:63:7500:87752#0/1 45 0 45 0
HWI-ST183_0204:4:63:7500:87752#0/2 24 0 24 21
HWI-ST183_0204:4:26:12555:108679#0/1 45 0 45 0
HWI-ST183_0204:4:26:12555:108679#0/2 45 0 45 0
HWI-ST183_0204:4:8:12307:118384#0/1 45 0 45 0
HWI-ST183_0204:4:8:12307:118384#0/2 45 0 45 0
HWI-ST183_0204:4:3:12568:142963#0/1 45 0 45 0
HWI-ST183_0204:4:3:12568:142963#0/2 45 0 45 0
HWI-ST183_0204:4:4:15534:36528#0/1 45 0 45 0
HWI-ST183_0204:4:4:15534:36528#0/2 0 0 0 0
HWI-ST183_0204:4:5:4606:182242#0/1 45 0 45 0
HWI-ST183_0204:4:5:4606:182242#0/2 45 0 45 0
HWI-ST183_0204:4:6:14118:69949#0/1 45 0 45 0
HWI-ST183_0204:4:6:14118:69949#0/2 45 0 45 0
HWI-ST183_0204:4:66:15096:4328#0/1 45 0 45 0
HWI-ST183_0204:4:66:15096:4328#0/2 45 0 45 0
HWI-ST183_0204:4:8:20757:169651#0/1 45 0 45 0
HWI-ST183_0204:4:8:20757:169651#0/2 45 0 45 0
HWI-ST183_0204:4:43:1306:78959#0/1 45 0 45 0
HWI-ST183_0204:4:43:1306:78959#0/2 34 0 34 11
HWI-ST183_0204:4:4:16926:85468#0/1 45 0 45 0
HWI-ST183_0204:4:4:16926:85468#0/2 45 0 45 0
HWI-ST183_0204:4:44:18825:85076#0/1 45 0 45 0
HWI-ST183_0204:4:44:18825:85076#0/2 28 0 28 17
HWI-ST183_0204:4:2:18499:179362#0/1 45 0 45 0
HWI-ST183_0204:4:2:18499:179362#0/2 0 0 0 0
HWI-ST183_0204:4:22:10944:159534#0/1 45 0 45 0
HWI-ST183_0204:4:22:10944:159534#0/2 45 0 45 0
HWI-ST183_0204:4:24:6736:76500#0/1 45 0 45 0
HWI-ST183_0204:4:24:6736:76500#0/2 28 0 28 17
HWI-ST183_0204:4:66:14605:162572#0/1 42 0 42 3
HWI-ST183_0204:4:66:14605:162572#0/2 45 0 45 0
HWI-ST183_0204:4:65:17364:184952#0/1 45 0 45 0
HWI-ST183_0204:4:65:17364:184952#0/2 45 0 45 0
HWI-ST183_0204:4:22:14263:168398#0/1 45 0 45 0
HWI-ST183_0204:4:22:14263:168398#0/2 45 0 45 0
HWI-ST183_0204:4:41:16509:194779#0/1 45 0 45 0
HWI-ST183_0204:4:41:16509:194779#0/2 45 0 45 0
HWI-ST183_0204:4:45:1655:151245#0/1 45 0 45 0
HWI-ST183_0204:4:45:1655:151245#0/2 45 0 45 0
HWI-ST183_0204:4:2:6750:165598#0/1 45 0 45 0
HWI-ST183_0204:4:2:6750:165598#0/2 45 0 45 0
HWI-ST183_0204:4:1:2426:102151#0/1 34 0 34 11
HWI-ST183_0204:4:1:2426:102151#0/2 0 0 0 0
HWI-ST183_0204:4:67:6857:18652#0/1 36 0 36 9
HWI-ST183_0204:4:67:6857:18652#0/2 45 0 45 0
HWI-ST183_0204:4:3:7989:14676#0/1 45 0 45 0
HWI-ST183_0204:4:3:7989:14676#0/2 45 0 45 0
HWI-ST183_0204:4:47:14723:123327#0/1 45 0 45 0
HWI-ST183_0204:4:47:14723:123327#0/2 45 0 45 0
HWI-ST183_0204:4:48:12580:123793#0/1 45 0 45 0
HWI-ST183_0204:4:48:12580:123793#0/2 0 0 0 0
HWI-ST183_0204:4:21:20008:50234#0/1 45 0 45 0
HWI-ST183_0204:4:21:20008:50234#0/2 45 0 45 0
HWI-ST183_0204:4:24:16726:58640#0/1 45 0 45 0
HWI-ST183_0204:4:24:16726:58640#0/2 45 0 45 0
HWI-ST183_0204:4:23:2752:179118#0/1 45 0 45 0
HWI-ST183_0204:4:23:2752:179118#0/2 45 0 45 0
HWI-ST183_0204:4:8:10324:38769#0/1 45 0 45 0
HWI-ST183_0204:4:8:10324:38769#0/2 45 0 45 0
HWI-ST183_0204:4:48:9991:10498#0/1 45 0 45 0
HWI-ST183_0204:4:48:9991:10498#0/2 0 0 0 0
HWI-ST183_0204:4:62:11983:194204#0/1 45 0 45 0
HWI-ST183_0204:4:62:11983:194204#0/2 45 0 45 0
HWI-ST183_0204:4:64:19814:57927#0/1 45 0 45 0
HWI-ST183_0204:4:64:19814:57927#0/2 44 0 44 1
HWI-ST183_0204:4:23:7453:2156#0/1 45 0 45 0
HWI-ST183_0204:4:23:7453:2156#0/2 45 0 45 0
HWI-ST183_0204:4:45:9790:61314#0/1 45 0 45 0
HWI-ST183_0204:4:45:9790:61314#0/2 45 0 45 0
HWI-ST183_0204:4:23:2550:194777#0/1 45 0 45 0
HWI-ST183_0204:4:23:2550:194777#0/2 45 0 45 0
HWI-ST183_0204:4:2:13261:82894#0/1 45 0 45 0
HWI-ST183_0204:4:2:13261:82894#0/2 45 0 45 0
HWI-ST183_0204:4:24:13206:108507#0/1 27 0 27 18
HWI-ST183_0204:4:24:13206:108507#0/2 0 0 0 0
HWI-ST183_0204:4:26:10778:86482#0/1 45 0 45 0
HWI-ST183_0204:4:26:10778:86482#0/2 35 0 35 10
HWI-ST183_0204:4:21:13701:85004#0/1 45 0 45 0
HWI-ST183_0204:4:21:13701:85004#0/2 45 0 45 0
HWI-ST183_0204:4:64:5842:72259#0/1 45 0 45 0
HWI-ST183_0204:4:64:5842:72259#0/2 45 0 45 0
HWI-ST183_0204:4:24:4202:185092#0/1 45 0 45 0
HWI-ST183_0204:4:24:4202:185092#0/2 45 0 45 0
HWI-ST183_0204:4:27:1123:177433#0/1 45 0 45 0
HWI-ST183_0204:4:27:1123:177433#0/2 44 0 44 1
HWI-ST183_0204:4:22:9360:98070#0/1 45 0 45 0
HWI-ST183_0204:4:22:9360:98070#0/2 45 0 45 0
HWI-ST183_0204:4:68:5681:56394#0/1 45 0 45 0
HWI-ST183_0204:4:68:5681:56394#0/2 45 0 45 0
HWI-ST183_0204:4:43:3308:163626#0/1 45 0 45 0
HWI-ST183_0204:4:43:3308:163626#0/2 39 0 39 6
HWI-ST183_0204:4:41:4211:111904#0/1 45 0 45 0
HWI-ST183_0204:4:41:4211:111904#0/2 45 0 45 0
HWI-ST183_0204:4:5:8527:173407#0/1 45 0 45 0
HWI-ST183_0204:4:5:8527:173407#0/2 45 0 45 0
HWI-ST183_0204:4:47:18211:24275#0/1 45 0 45 0
HWI-ST183_0204:4:47:18211:24275#0/2 45 0 45 0
HWI-ST183_0204:4:21:12575:76550#0/1 45 0 45 0
HWI-ST183_0204:4:21:12575:76550#0/2 35 0 35 10
HWI-ST183_0204:4:2:9179:111075#0/1 25 0 25 20
HWI-ST183_0204:4:2:9179:111075#0/2 45 0 45 0
HWI-ST183_0204:4:26:21054:144396#0/1 0 0 0 0
HWI-ST183_0204:4:26:21054:144396#0/2 21 0 21 24
HWI-ST183_0204:4:2:5367:165454#0/1 45 0 45 0
HWI-ST183_0204:4:2:5367:165454#0/2 45 0 45 0
HWI-ST183_0204:4:63:16505:9455#0/1 45 0 45 0
HWI-ST183_0204:4:63:16505:9455#0/2 0 0 0 0
HWI-ST183_0204:4:65:16086:35722#0/1 45 0 45 0
HWI-ST183_0204:4:65:16086:35722#0/2 45 0 45 0
HWI-ST183_0204:4:21:4349:101951#0/1 45 0 45 0
HWI-ST183_0204:4:21:4349:101951#0/2 45 0 45 0
HWI-ST183_0204:4:3:8160:140865#0/1 45 0 45 0
HWI-ST183_0204:4:3:8160:140865#0/2 45 0 45 0
HWI-ST183_0204:4:6:20661:42408#0/1 45 0 45 0
HWI-ST183_0204:4:6:20661:42408#0/2 0 0 0 0
HWI-ST183_0204:4:1:10197:164738#0/1 45 0 45 0
HWI-ST183_0204:4:1:10197:164738#0/2 45 0 45 0
HWI-ST183_0204:4:65:20391:62467#0/1 45 0 45 0
HWI-ST183_0204:4:65:20391:62467#0/2 45 0 45 0
HWI-ST183_0204:4:44:20874:153971#0/1 45 0 45 0
HWI-ST183_0204:4:44:20874:153971#0/2 45 0 45 0
HWI-ST183_0204:4:62:2165:95956#0/1 45 0 45 0
HWI-ST183_0204:4:62:2165:95956#0/2 45 0 45 0
HWI-ST183_0204:4:68:5721:59388#0/1 45 0 45 0
HWI-ST183_0204:4:68:5721:59388#0/2 44 0 44 1
HWI-ST183_0204:4:26:13905:129065#0/1 45 0 45 0
HWI-ST183_0204:4:26:13905:129065#0/2 37 0 37 8
HWI-ST183_0204:4:21:3271:17146#0/1 45 0 45 0
HWI-ST183_0204:4:21:3271:17146#0/2 45 0 45 0
HWI-ST183_0204:4:63:4633:84357#0/1 45 0 45 0
HWI-ST183_0204:4:63:4633:84357#0/2 45 0 45 0
HWI-ST183_0204:4:25:21248:54910#0/1 31 0 31 14
HWI-ST183_0204:4:25:21248:54910#0/2 0 0 0 0
HWI-ST183_0204:4:68:8776:178068#0/1 45 0 45 0
HWI-ST183_0204:4:68:8776:178068#0/2 34 0 34 11
HWI-ST183_0204:4:8:12480:114943#0/1 45 0 45 0
HWI-ST183_0204:4:8:12480:114943#0/2 45 0 45 0
HWI-ST183_0204:4:22:4093:137922#0/1 45 0 45 0
HWI-ST183_0204:4:22:4093:137922#0/2 45 0 45 0
HWI-ST183_0204:4:8:7912:25635#0/1 45 0 45 0
HWI-ST183_0204:4:8:7912:25635#0/2 45 0 45 0
HWI-ST183_0204:4:22:15357:50464#0/1 45 0 45 0
HWI-ST183_0204:4:22:15357:50464#0/2 45 0 45 0
HWI-ST183_0204:4:62:18438:80551#0/1 45 0 45 0
HWI-ST183_0204:4:62:18438:80551#0/2 45 0 45 0
HWI-ST183_0204:4:25:16966:22695#0/1 32 0 32 13
HWI-ST183_0204:4:25:16966:22695#0/2 44 0 44 1
HWI-ST183_0204:4:68:16724:160323#0/1 45 0 45 0
HWI-ST183_0204:4:68:16724:160323#0/2 45 0 45 0
HWI-ST183_0204:4:43:1308:130346#0/1 39 0 39 6
HWI-ST183_0204:4:43:1308:130346#0/2 27 0 27 18
HWI-ST183_0204:4:25:4639:55570#0/1 45 0 45 0
HWI-ST183_0204:4:25:4639:55570#0/2 45 0 45 0
HWI-ST183_0204:4:27:11694:136198#0/1 45 0 45 0
HWI-ST183_0204:4:27:11694:136198#0/2 45 0 45 0
HWI-ST183_0204:4:25:12911:44905#0/1 44 0 44 1
HWI-ST183_0204:4:25:12911:44905#0/2 45 0 45 0
HWI-ST183_0204:4:42:18688:175155#0/1 45 0 45 0
HWI-ST183_0204:4:42:18688:175155#0/2 45 0 45 0
HWI-ST183_0204:4:68:3415:80796#0/1 45 0 45 0
HWI-ST183_0204:4:68:3415:80796#0/2 45 0 45 0
HWI-ST183_0204:4:2:1595:156796#0/1 45 0 45 0
HWI-ST183_0204:4:2:1595:156796#0/2 36 0 36 9
HWI-ST183_0204:4:42:15863:71783#0/1 45 0 45 0
HWI-ST183_0204:4:42:15863:71783#0/2 45 0 45 0
HWI-ST183_0204:4:47:6119:35410#0/1 45 0 45 0
HWI-ST183_0204:4:47:6119:35410#0/2 45 0 45 0
HWI-ST183_0204:4:8:17194:136425#0/1 45 0 45 0
HWI-ST183_0204:4:8:17194:136425#0/2 45 0 45 0
HWI-ST183_0204:4:25:4796:199220#0/1 45 0 45 0
HWI-ST183_0204:4:25:4796:199220#0/2 0 0 0 0
HWI-ST183_0204:4:45:5808:35255#0/1 45 0 45 0
HWI-ST183_0204:4:45:5808:35255#0/2 45 0 45 0
HWI-ST183_0204:4:48:18081:22130#0/1 45 0 45 0
HWI-ST183_0204:4:48:18081:22130#0/2 0 0 0 0
HWI-ST183_0204:4:62:12875:61656#0/1 45 0 45 0
HWI-ST183_0204:4:62:12875:61656#0/2 45 0 45 0
HWI-ST183_0204:4:61:5372:187312#0/1 45 0 45 0
HWI-ST183_0204:4:61:5372:187312#0/2 44 0 44 1
HWI-ST183_0204:4:61:4984:40307#0/1 45 0 45 0
HWI-ST183_0204:4:61:4984:40307#0/2 45 0 45 0
HWI-ST183_0204:4:41:15974:107318#0/1 45 0 45 0
HWI-ST183_0204:4:41:15974:107318#0/2 45 0 45 0
HWI-ST183_0204:4:43:2882:106400#0/1 45 0 45 0
HWI-ST183_0204:4:43:2882:106400#0/2 34 0 34 11
HWI-ST183_0204:4:24:6879:109701#0/1 45 0 45 0
HWI-ST183_0204:4:24:6879:109701#0/2 45 0 45 0
HWI-ST183_0204:4:41:16541:53961#0/1 45 0 45 0
HWI-ST183_0204:4:41:16541:53961#0/2 45 0 45 0
HWI-ST183_0204:4:25:6776:48173#0/1 44 0 44 1
HWI-ST183_0204:4:25:6776:48173#0/2 45 0 45 0
HWI-ST183_0204:4:6:6465:101990#0/1 45 0 45 0
HWI-ST183_0204:4:6:6465:101990#0/2 45 0 45 0
HWI-ST183_0204:4:61:13976:76214#0/1 45 0 45 0
HWI-ST183_0204:4:61:13976:76214#0/2 45 0 45 0
HWI-ST183_0204:4:62:9972:3966#0/1 45 0 45 0
HWI-ST183_0204:4:62:9972:3966#0/2 45 0 45 0
HWI-ST183_0204:4:46:16245:174758#0/1 45 0 45 0
HWI-ST183_0204:4:46:16245:174758#0/2 45 0 45 0
HWI-ST183_0204:4:62:17865:86819#0/1 45 0 45 0
HWI-ST183_0204:4:62:17865:86819#0/2 45 0 45 0
HWI-ST183_0204:4:68:6694:101717#0/1 45 0 45 0
HWI-ST183_0204:4:68:6694:101717#0/2 45 0 45 0
HWI-ST183_0204:4:48:21020:55147#0/1 45 0 45 0
HWI-ST183_0204:4:48:21020:55147#0/2 0 0 0 0
HWI-ST183_0204:4:22:14754:179847#0/1 45 0 45 0
HWI-ST183_0204:4:22:14754:179847#0/2 29 0 29 16
HWI-ST183_0204:4:42:2309:146172#0/1 35 0 35 10
HWI-ST183_0204:4:42:2309:146172#0/2 37 0 37 8
HWI-ST183_0204:4:47:3737:19367#0/1 39 0 39 6
HWI-ST183_0204:4:47:3737:19367#0/2 45 0 45 0
HWI-ST183_0204:4:22:11026:44528#0/1 45 0 45 0
HWI-ST183_0204:4:22:11026:44528#0/2 45 0 45 0
HWI-ST183_0204:4:27:9054:126251#0/1 45 0 45 0
HWI-ST183_0204:4:27:9054:126251#0/2 34 0 34 11
HWI-ST183_0204:4:23:20852:117273#0/1 45 0 45 0
HWI-ST183_0204:4:23:20852:117273#0/2 39 0 39 6
HWI-ST183_0204:4:63:10190:137226#0/1 45 0 45 0
HWI-ST183_0204:4:63:10190:137226#0/2 45 0 45 0
HWI-ST183_0204:4:8:4026:59565#0/1 45 0 45 0
HWI-ST183_0204:4:8:4026:59565#0/2 45 0 45 0
HWI-ST183_0204:4:42:5372:89535#0/1 45 0 45 0
HWI-ST183_0204:4:42:5372:89535#0/2 45 0 45 0
HWI-ST183_0204:4:48:12182:103237#0/1 45 0 45 0
HWI-ST183_0204:4:48:12182:103237#0/2 0 0 0 0
HWI-ST183_0204:4:22:12025:171391#0/1 45 0 45 0
HWI-ST183_0204:4:22:12025:171391#0/2 45 0 45 0
HWI-ST183_0204:4:1:18909:150477#0/1 45 0 45 0
HWI-ST183_0204:4:1:18909:150477#0/2 24 0 24 21
HWI-ST183_0204:4:68:4615:166818#0/1 45 0 45 0
HWI-ST183_0204:4:68:4615:166818#0/2 45 0 45 0
HWI-ST183_0204:4:41:4272:19781#0/1 45 0 45 0
HWI-ST183_0204:4:41:4272:19781#0/2 45 0 45 0
HWI-ST183_0204:4:65:1809:20997#0/1 45 0 45 0
HWI-ST183_0204:4:65:1809:20997#0/2 45 0 45 0
HWI-ST183_0204:4:61:19506:59504#0/1 39 0 39 6
HWI-ST183_0204:4:61:19506:59504#0/2 0 0 0 0
HWI-ST183_0204:4:63:13142:110006#0/1 45 0 45 0
HWI-ST183_0204:4:63:13142:110006#0/2 45 0 45 0
HWI-ST183_0204:4:61:8980:159030#0/1 45 0 45 0
HWI-ST183_0204:4:61:8980:159030#0/2 45 0 45 0
HWI-ST183_0204:4:6:4410:144702#0/1 45 0 45 0
HWI-ST183_0204:4:6:4410:144702#0/2 39 0 39 6
HWI-ST183_0204:4:21:10060:118821#0/1 45 0 45 0
HWI-ST183_0204:4:21:10060:118821#0/2 45 0 45 0
HWI-ST183_0204:4:24:12268:98822#0/1 45 0 45 0
HWI-ST183_0204:4:24:12268:98822#0/2 45 0 45 0
HWI-ST183_0204:4:23:18808:17327#0/1 45 0 45 0
HWI-ST183_0204:4:23:18808:17327#0/2 45 0 45 0
HWI-ST183_0204:4:68:1483:52921#0/1 0 0 0 0
HWI-ST183_0204:4:68:1483:52921#0/2 0 0 0 0
HWI-ST183_0204:4:67:11501:116140#0/1 45 0 45 0
HWI-ST183_0204:4:67:11501:116140#0/2 45 0 45 0
HWI-ST183_0204:4:24:12470:3640#0/1 45 0 45 0
HWI-ST183_0204:4:24:12470:3640#0/2 41 0 41 4
HWI-ST183_0204:4:6:17007:68820#0/1 45 0 45 0
HWI-ST183_0204:4:6:17007:68820#0/2 45 0 45 0
HWI-ST183_0204:4:64:9693:181767#0/1 45 0 45 0
HWI-ST183_0204:4:64:9693:181767#0/2 45 0 45 0
HWI-ST183_0204:4:25:17421:82167#0/1 45 0 45 0
HWI-ST183_0204:4:25:17421:82167#0/2 45 0 45 0
HWI-ST183_0204:4:61:3450:113259#0/1 43 0 43 2
HWI-ST183_0204:4:61:3450:113259#0/2 41 0 41 4
HWI-ST183_0204:4:48:5618:85976#0/1 45 0 45 0
HWI-ST183_0204:4:48:5618:85976#0/2 0 0 0 0
HWI-ST183_0204:4:24:13465:104512#0/1 45 0 45 0
HWI-ST183_0204:4:24:13465:104512#0/2 45 0 45 0
HWI-ST183_0204:4:41:9964:20979#0/1 45 0 45 0
HWI-ST183_0204:4:41:9964:20979#0/2 45 0 45 0
HWI-ST183_0204:4:2:13971:50771#0/1 45 0 45 0
HWI-ST183_0204:4:2:13971:50771#0/2 45 0 45 0
HWI-ST183_0204:4:24:2954:76302#0/1 45 0 45 0
HWI-ST183_0204:4:24:2954:76302#0/2 45 0 45 0
HWI-ST183_0204:4:24:13580:143040#0/1 45 0 45 0
HWI-ST183_0204:4:24:13580:143040#0/2 45 0 45 0
HWI-ST183_0204:4:6:6807:182246#0/1 23 0 23 22
HWI-ST183_0204:4:6:6807:182246#0/2 0 0 0 0
HWI-ST183_0204:4:2:15267:5935#0/1 45 0 45 0
HWI-ST183_0204:4:2:15267:5935#0/2 45 0 45 0
HWI-ST183_0204:4:8:18739:144270#0/1 45 0 45 0
HWI-ST183_0204:4:8:18739:144270#0/2 45 0 45 0
HWI-ST183_0204:4:5:3223:114649#0/1 45 0 45 0
HWI-ST183_0204:4:5:3223:114649#0/2 0 0 0 0
HWI-ST183_0204:4:48:10301:134188#0/1 45 0 45 0
HWI-ST183_0204:4:48:10301:134188#0/2 0 0 0 0
HWI-ST183_0204:4:47:3606:60320#0/1 43 0 43 2
HWI-ST183_0204:4:47:3606:60320#0/2 26 0 26 19
HWI-ST183_0204:4:48:5897:74056#0/1 0 0 0 0
HWI-ST183_0204:4:48:5897:74056#0/2 0 0 0 0
HWI-ST183_0204:4:44:8227:75490#0/1 45 0 45 0
HWI-ST183_0204:4:44:8227:75490#0/2 45 0 45 0
HWI-ST183_0204:4:8:16834:41787#0/1 45 0 45 0
HWI-ST183_0204:4:8:16834:41787#0/2 45 0 45 0
HWI-ST183_0204:4:62:7835:149035#0/1 45 0 45 0
HWI-ST183_0204:4:62:7835:149035#0/2 45 0 45 0
HWI-ST183_0204:4:3:8950:138708#0/1 45 0 45 0
HWI-ST183_0204:4:3:8950:138708#0/2 45 0 45 0
HWI-ST183_0204:4:23:9130:79721#0/1 43 0 43 2
HWI-ST183_0204:4:23:9130:79721#0/2 45 0 45 0
HWI-ST183_0204:4:43:12478:86264#0/1 45 0 45 0
HWI-ST183_0204:4:43:12478:86264#0/2 34 0 34 11
HWI-ST183_0204:4:46:19662:129892#0/1 45 0 45 0
HWI-ST183_0204:4:46:19662:129892#0/2 45 0 45 0
HWI-ST183_0204:4:62:20693:36004#0/1 45 0 45 0
HWI-ST183_0204:4:62:20693:36004#0/2 30 0 30 15
HWI-ST183_0204:4:45:5001:51283#0/1 45 0 45 0
HWI-ST183_0204:4:45:5001:51283#0/2 45 0 45 0
HWI-ST183_0204:4:62:4917:77646#0/1 45 0 45 0
HWI-ST183_0204:4:62:4917:77646#0/2 38 0 38 7
HWI-ST183_0204:4:61:3037:64979#0/1 45 0 45 0
HWI-ST183_0204:4:61:3037:64979#0/2 39 0 39 6
HWI-ST183_0204:4:27:11172:185398#0/1 45 0 45 0
HWI-ST183_0204:4:27:11172:185398#0/2 45 0 45 0
HWI-ST183_0204:4:23:18387:29327#0/1 45 0 45 0
HWI-ST183_0204:4:23:18387:29327#0/2 24 0 24 21
HWI-ST183_0204:4:8:12058:104149#0/1 45 0 45 0
HWI-ST183_0204:4:8:12058:104149#0/2 45 0 45 0
HWI-ST183_0204:4:24:19130:47516#0/1 20 0 20 25
HWI-ST183_0204:4:24:19130:47516#0/2 34 0 34 11
HWI-ST183_0204:4:1:6807:128621#0/1 45 0 45 0
HWI-ST183_0204:4:1:6807:128621#0/2 45 0 45 0
HWI-ST183_0204:4:45:8610:164173#0/1 45 0 45 0
HWI-ST183_0204:4:45:8610:164173#0/2 45 0 45 0
HWI-ST183_0204:4:23:5691:176731#0/1 45 0 45 0
HWI-ST183_0204:4:23:5691:176731#0/2 45 0 45 0
HWI-ST183_0204:4:47:14441:22687#0/1 45 0 45 0
HWI-ST183_0204:4:47:14441:22687#0/2 45 0 45 0
HWI-ST183_0204:4:44:14168:66242#0/1 45 0 45 0
HWI-ST183_0204:4:44:14168:66242#0/2 38 0 38 7
HWI-ST183_0204:4:64:10352:188557#0/1 45 0 45 0
HWI-ST183_0204:4:64:10352:188557#0/2 45 0 45 0
HWI-ST183_0204:4:64:6550:7511#0/1 45 0 45 0
HWI-ST183_0204:4:64:6550:7511#0/2 45 0 45 0
HWI-ST183_0204:4:22:7740:87982#0/1 45 0 45 0
HWI-ST183_0204:4:22:7740:87982#0/2 45 0 45 0
HWI-ST183_0204:4:2:18733:55083#0/1 45 0 45 0
HWI-ST183_0204:4:2:18733:55083#0/2 45 0 45 0
HWI-ST183_0204:4:46:7166:50366#0/1 44 0 44 1
HWI-ST183_0204:4:46:7166:50366#0/2 0 0 0 0
HWI-ST183_0204:4:68:9185:6937#0/1 45 0 45 0
HWI-ST183_0204:4:68:9185:6937#0/2 45 0 45 0
HWI-ST183_0204:4:63:18338:62579#0/1 0 0 0 0
HWI-ST183_0204:4:63:18338:62579#0/2 45 0 45 0
HWI-ST183_0204:4:23:17357:169796#0/1 45 0 45 0
HWI-ST183_0204:4:23:17357:169796#0/2 45 0 45 0
HWI-ST183_0204:4:63:8540:114787#0/1 45 0 45 0
HWI-ST183_0204:4:63:8540:114787#0/2 45 0 45 0
HWI-ST183_0204:4:63:10642:20895#0/1 45 0 45 0
HWI-ST183_0204:4:63:10642:20895#0/2 45 0 45 0
HWI-ST183_0204:4:4:20488:89904#0/1 45 0 45 0
HWI-ST183_0204:4:4:20488:89904#0/2 45 0 45 0
HWI-ST183_0204:4:62:13956:70557#0/1 45 0 45 0
HWI-ST183_0204:4:62:13956:70557#0/2 44 0 44 1
HWI-ST183_0204:4:42:12650:100750#0/1 45 0 45 0
HWI-ST183_0204:4:42:12650:100750#0/2 45 0 45 0
HWI-ST183_0204:4:6:13022:170453#0/1 45 0 45 0
HWI-ST183_0204:4:6:13022:170453#0/2 45 0 45 0
HWI-ST183_0204:4:63:16487:87340#0/1 45 0 45 0
HWI-ST183_0204:4:63:16487:87340#0/2 45 0 45 0
HWI-ST183_0204:4:3:4557:43229#0/1 0 0 0 0
HWI-ST183_0204:4:3:4557:43229#0/2 0 0 0 0
HWI-ST183_0204:4:64:7013:136610#0/1 45 0 45 0
HWI-ST183_0204:4:64:7013:136610#0/2 45 0 45 0
HWI-ST183_0204:4:42:18080:181222#0/1 45 0 45 0
HWI-ST183_0204:4:42:18080:181222#0/2 45 0 45 0
HWI-ST183_0204:4:2:12540:69345#0/1 45 0 45 0
HWI-ST183_0204:4:2:12540:69345#0/2 45 0 45 0
HWI-ST183_0204:4:5:17870:25772#0/1 45 0 45 0
HWI-ST183_0204:4:5:17870:25772#0/2 38 0 38 7
HWI-ST183_0204:4:48:14047:9963#0/1 45 0 45 0
HWI-ST183_0204:4:48:14047:9963#0/2 0 0 0 0
HWI-ST183_0204:4:41:18549:33955#0/1 45 0 45 0
HWI-ST183_0204:4:41:18549:33955#0/2 45 0 45 0
HWI-ST183_0204:4:47:5651:195353#0/1 28 0 28 17
HWI-ST183_0204:4:47:5651:195353#0/2 45 0 45 0
HWI-ST183_0204:4:68:3825:75357#0/1 45 0 45 0
HWI-ST183_0204:4:68:3825:75357#0/2 43 0 43 2
HWI-ST183_0204:4:4:2895:136994#0/1 45 0 45 0
HWI-ST183_0204:4:4:2895:136994#0/2 39 0 39 6
HWI-ST183_0204:4:44:3731:191690#0/1 45 0 45 0
HWI-ST183_0204:4:44:3731:191690#0/2 45 0 45 0
HWI-ST183_0204:4:64:16264:89666#0/1 45 0 45 0
HWI-ST183_0204:4:64:16264:89666#0/2 45 0 45 0
HWI-ST183_0204:4:48:13698:162641#0/1 30 0 30 15
HWI-ST183_0204:4:48:13698:162641#0/2 0 0 0 0
HWI-ST183_0204:4:4:7523:40377#0/1 45 0 45 0
HWI-ST183_0204:4:4:7523:40377#0/2 45 0 45 0
HWI-ST183_0204:4:27:17209:9769#0/1 45 0 45 0
HWI-ST183_0204:4:27:17209:9769#0/2 45 0 45 0
HWI-ST183_0204:4:62:16225:197125#0/1 45 0 45 0
HWI-ST183_0204:4:62:16225:197125#0/2 45 0 45 0
HWI-ST183_0204:4:23:20146:37114#0/1 45 0 45 0
HWI-ST183_0204:4:23:20146:37114#0/2 45 0 45 0
HWI-ST183_0204:4:1:13792:188302#0/1 45 0 45 0
HWI-ST183_0204:4:1:13792:188302#0/2 45 0 45 0
HWI-ST183_0204:4:62:14405:168846#0/1 45 0 45 0
HWI-ST183_0204:4:62:14405:168846#0/2 45 0 45 0
HWI-ST183_0204:4:2:1982:28528#0/1 26 0 26 19
HWI-ST183_0204:4:2:1982:28528#0/2 45 0 45 0
HWI-ST183_0204:4:62:20026:82785#0/1 45 0 45 0
HWI-ST183_0204:4:62:20026:82785#0/2 45 0 45 0
HWI-ST183_0204:4:66:21272:18155#0/1 45 0 45 0
HWI-ST183_0204:4:66:21272:18155#0/2 45 0 45 0
HWI-ST183_0204:4:65:14378:145249#0/1 45 0 45 0
HWI-ST183_0204:4:65:14378:145249#0/2 45 0 45 0
HWI-ST183_0204:4:21:11102:176174#0/1 45 0 45 0
HWI-ST183_0204:4:21:11102:176174#0/2 45 0 45 0
HWI-ST183_0204:4:41:21146:177758#0/1 45 0 45 0
HWI-ST183_0204:4:41:21146:177758#0/2 45 0 45 0
HWI-ST183_0204:4:6:20236:187437#0/1 45 0 45 0
HWI-ST183_0204:4:6:20236:187437#0/2 45 0 45 0
HWI-ST183_0204:4:43:20237:118098#0/1 45 0 45 0
HWI-ST183_0204:4:43:20237:118098#0/2 45 0 45 0
HWI-ST183_0204:4:24:16019:2471#0/1 45 0 45 0
HWI-ST183_0204:4:24:16019:2471#0/2 45 0 45 0
HWI-ST183_0204:4:45:10606:2392#0/1 45 0 45 0
HWI-ST183_0204:4:45:10606:2392#0/2 45 0 45 0
HWI-ST183_0204:4:61:19957:3601#0/1 45 0 45 0
HWI-ST183_0204:4:61:19957:3601#0/2 25 0 25 20
HWI-ST183_0204:4:48:4990:195378#0/1 45 0 45 0
HWI-ST183_0204:4:48:4990:195378#0/2 0 0 0 0
HWI-ST183_0204:4:4:7513:112234#0/1 45 0 45 0
HWI-ST183_0204:4:4:7513:112234#0/2 45 0 45 0
HWI-ST183_0204:4:24:9863:80091#0/1 43 0 43 2
HWI-ST183_0204:4:24:9863:80091#0/2 45 0 45 0
HWI-ST183_0204:4:42:16679:112193#0/1 45 0 45 0
HWI-ST183_0204:4:42:16679:112193#0/2 44 0 44 1
HWI-ST183_0204:4:65:4723:57938#0/1 45 0 45 0
HWI-ST183_0204:4:65:4723:57938#0/2 45 0 45 0
HWI-ST183_0204:4:2:1703:62086#0/1 45 0 45 0
HWI-ST183_0204:4:2:1703:62086#0/2 37 0 37 8
HWI-ST183_0204:4:22:11124:150880#0/1 45 0 45 0
HWI-ST183_0204:4:22:11124:150880#0/2 45 0 45 0
HWI-ST183_0204:4:62:5067:15352#0/1 45 0 45 0
HWI-ST183_0204:4:62:5067:15352#0/2 45 0 45 0
HWI-ST183_0204:4:68:5491:21382#0/1 45 0 45 0
HWI-ST183_0204:4:68:5491:21382#0/2 43 0 43 2
HWI-ST183_0204:4:43:2112:82628#0/1 38 0 38 7
HWI-ST183_0204:4:43:2112:82628#0/2 31 0 31 14
HWI-ST183_0204:4:1:4029:33915#0/1 33 0 33 12
HWI-ST183_0204:4:1:4029:33915#0/2 38 0 38 7
HWI-ST183_0204:4:67:5151:149638#0/1 45 0 45 0
HWI-ST183_0204:4:67:5151:149638#0/2 44 0 44 1
HWI-ST183_0204:4:47:7650:165558#0/1 45 0 45 0
HWI-ST183_0204:4:47:7650:165558#0/2 45 0 45 0
HWI-ST183_0204:4:45:12613:156633#0/1 45 0 45 0
HWI-ST183_0204:4:45:12613:156633#0/2 45 0 45 0
HWI-ST183_0204:4:21:20229:91044#0/1 34 0 34 11
HWI-ST183_0204:4:21:20229:91044#0/2 38 0 38 7
HWI-ST183_0204:4:68:18811:34876#0/1 45 0 45 0
HWI-ST183_0204:4:68:18811:34876#0/2 37 0 37 8
HWI-ST183_0204:4:41:18901:5961#0/1 45 0 45 0
HWI-ST183_0204:4:41:18901:5961#0/2 45 0 45 0
HWI-ST183_0204:4:62:4532:84142#0/1 45 0 45 0
HWI-ST183_0204:4:62:4532:84142#0/2 35 0 35 10
HWI-ST183_0204:4:45:6093:147036#0/1 45 0 45 0
HWI-ST183_0204:4:45:6093:147036#0/2 45 0 45 0
HWI-ST183_0204:4:47:4172:98853#0/1 45 0 45 0
HWI-ST183_0204:4:47:4172:98853#0/2 37 0 37 8
HWI-ST183_0204:4:2:5242:176012#0/1 45 0 45 0
HWI-ST183_0204:4:2:5242:176012#0/2 45 0 45 0
HWI-ST183_0204:4:65:9803:20099#0/1 45 0 45 0
HWI-ST183_0204:4:65:9803:20099#0/2 45 0 45 0
HWI-ST183_0204:4:47:17733:161557#0/1 45 0 45 0
HWI-ST183_0204:4:47:17733:161557#0/2 45 0 45 0
HWI-ST183_0204:4:2:20823:19944#0/1 45 0 45 0
HWI-ST183_0204:4:2:20823:19944#0/2 45 0 45 0
HWI-ST183_0204:4:27:2183:14765#0/1 45 0 45 0
HWI-ST183_0204:4:27:2183:14765#0/2 45 0 45 0
HWI-ST183_0204:4:45:10558:83133#0/1 45 0 45 0
HWI-ST183_0204:4:45:10558:83133#0/2 45 0 45 0
HWI-ST183_0204:4:5:15772:91432#0/1 45 0 45 0
HWI-ST183_0204:4:5:15772:91432#0/2 45 0 45 0
HWI-ST183_0204:4:4:8387:165422#0/1 45 0 45 0
HWI-ST183_0204:4:4:8387:165422#0/2 43 0 43 2
HWI-ST183_0204:4:65:18878:91149#0/1 45 0 45 0
HWI-ST183_0204:4:65:18878:91149#0/2 45 0 45 0
HWI-ST183_0204:4:43:3057:63710#0/1 0 0 0 0
HWI-ST183_0204:4:43:3057:63710#0/2 24 0 24 21
HWI-ST183_0204:4:61:17474:7302#0/1 45 0 45 0
HWI-ST183_0204:4:61:17474:7302#0/2 45 0 45 0
HWI-ST183_0204:4:42:4918:107541#0/1 45 0 45 0
HWI-ST183_0204:4:42:4918:107541#0/2 45 0 45 0
HWI-ST183_0204:4:46:10938:135735#0/1 0 0 0 0
HWI-ST183_0204:4:46:10938:135735#0/2 0 0 0 0
HWI-ST183_0204:4:23:17188:148714#0/1 45 0 45 0
HWI-ST183_0204:4:23:17188:148714#0/2 45 0 45 0
HWI-ST183_0204:4:42:2890:184433#0/1 45 0 45 0
HWI-ST183_0204:4:42:2890:184433#0/2 33 0 33 12
HWI-ST183_0204:4:68:7259:82557#0/1 0 0 0 0
HWI-ST183_0204:4:68:7259:82557#0/2 0 0 0 0
HWI-ST183_0204:4:25:15680:87051#0/1 45 0 45 0
HWI-ST183_0204:4:25:15680:87051#0/2 45 0 45 0
HWI-ST183_0204:4:64:7979:188498#0/1 45 0 45 0
HWI-ST183_0204:4:64:7979:188498#0/2 45 0 45 0
HWI-ST183_0204:4:66:15087:99062#0/1 45 0 45 0
HWI-ST183_0204:4:66:15087:99062#0/2 45 0 45 0
HWI-ST183_0204:4:21:10439:176660#0/1 45 0 45 0
HWI-ST183_0204:4:21:10439:176660#0/2 45 0 45 0
HWI-ST183_0204:4:25:12482:2168#0/1 45 0 45 0
HWI-ST183_0204:4:25:12482:2168#0/2 45 0 45 0
HWI-ST183_0204:4:23:4251:78108#0/1 45 0 45 0
HWI-ST183_0204:4:23:4251:78108#0/2 45 0 45 0
HWI-ST183_0204:4:41:12252:73501#0/1 45 0 45 0
HWI-ST183_0204:4:41:12252:73501#0/2 45 0 45 0
HWI-ST183_0204:4:21:4342:62411#0/1 45 0 45 0
HWI-ST183_0204:4:21:4342:62411#0/2 45 0 45 0
HWI-ST183_0204:4:23:8160:108914#0/1 45 0 45 0
HWI-ST183_0204:4:23:8160:108914#0/2 45 0 45 0
HWI-ST183_0204:4:41:2386:11028#0/1 34 0 34 11
HWI-ST183_0204:4:41:2386:11028#0/2 21 0 21 24
HWI-ST183_0204:4:24:20496:173659#0/1 45 0 45 0
HWI-ST183_0204:4:24:20496:173659#0/2 45 0 45 0
HWI-ST183_0204:4:21:6548:39166#0/1 45 0 45 0
HWI-ST183_0204:4:21:6548:39166#0/2 43 0 43 2
HWI-ST183_0204:4:23:11351:71588#0/1 45 0 45 0
HWI-ST183_0204:4:23:11351:71588#0/2 45 0 45 0
HWI-ST183_0204:4:21:3530:194829#0/1 45 0 45 0
HWI-ST183_0204:4:21:3530:194829#0/2 28 0 28 17
HWI-ST183_0204:4:25:4409:48795#0/1 38 0 38 7
HWI-ST183_0204:4:25:4409:48795#0/2 34 0 34 11
HWI-ST183_0204:4:25:16171:197342#0/1 45 0 45 0
HWI-ST183_0204:4:25:16171:197342#0/2 45 0 45 0
HWI-ST183_0204:4:41:2353:199423#0/1 45 0 45 0
HWI-ST183_0204:4:41:2353:199423#0/2 34 0 34 11
HWI-ST183_0204:4:25:17283:171396#0/1 38 0 38 7
HWI-ST183_0204:4:25:17283:171396#0/2 0 0 0 0
HWI-ST183_0204:4:22:4940:164047#0/1 45 0 45 0
HWI-ST183_0204:4:22:4940:164047#0/2 45 0 45 0
HWI-ST183_0204:4:21:16579:74942#0/1 45 0 45 0
HWI-ST183_0204:4:21:16579:74942#0/2 45 0 45 0
HWI-ST183_0204:4:48:10030:121415#0/1 45 0 45 0
HWI-ST183_0204:4:48:10030:121415#0/2 0 0 0 0
HWI-ST183_0204:4:68:1284:40758#0/1 45 0 45 0
HWI-ST183_0204:4:68:1284:40758#0/2 0 0 0 0
HWI-ST183_0204:4:64:11357:52386#0/1 45 0 45 0
HWI-ST183_0204:4:64:11357:52386#0/2 0 0 0 0
HWI-ST183_0204:4:46:5132:92272#0/1 45 0 45 0
HWI-ST183_0204:4:46:5132:92272#0/2 45 0 45 0
HWI-ST183_0204:4:48:9589:142886#0/1 31 0 31 14
HWI-ST183_0204:4:48:9589:142886#0/2 0 0 0 0
HWI-ST183_0204:4:44:13098:129234#0/1 45 0 45 0
HWI-ST183_0204:4:44:13098:129234#0/2 45 0 45 0
HWI-ST183_0204:4:67:14265:51662#0/1 45 0 45 0
HWI-ST183_0204:4:67:14265:51662#0/2 45 0 45 0
HWI-ST183_0204:4:67:14491:132106#0/1 45 0 45 0
HWI-ST183_0204:4:67:14491:132106#0/2 45 0 45 0
HWI-ST183_0204:4:22:1709:162452#0/1 45 0 45 0
HWI-ST183_0204:4:22:1709:162452#0/2 45 0 45 0
HWI-ST183_0204:4:41:5856:125149#0/1 45 0 45 0
HWI-ST183_0204:4:41:5856:125149#0/2 45 0 45 0
HWI-ST183_0204:4:63:18851:66719#0/1 45 0 45 0
HWI-ST183_0204:4:63:18851:66719#0/2 38 0 38 7
HWI-ST183_0204:4:21:2226:38361#0/1 45 0 45 0
HWI-ST183_0204:4:21:2226:38361#0/2 45 0 45 0
HWI-ST183_0204:4:41:15851:143933#0/1 41 0 41 4
HWI-ST183_0204:4:41:15851:143933#0/2 0 0 0 0
HWI-ST183_0204:4:3:12241:41412#0/1 45 0 45 0
HWI-ST183_0204:4:3:12241:41412#0/2 45 0 45 0
HWI-ST183_0204:4:48:15359:187108#0/1 45 0 45 0
HWI-ST183_0204:4:48:15359:187108#0/2 0 0 0 0
HWI-ST183_0204:4:6:9718:103273#0/1 45 0 45 0
HWI-ST183_0204:4:6:9718:103273#0/2 45 0 45 0
HWI-ST183_0204:4:22:15547:31188#0/1 45 0 45 0
HWI-ST183_0204:4:22:15547:31188#0/2 45 0 45 0
HWI-ST183_0204:4:23:8093:11843#0/1 45 0 45 0
HWI-ST183_0204:4:23:8093:11843#0/2 45 0 45 0
HWI-ST183_0204:4:47:4346:74513#0/1 23 0 23 22
HWI-ST183_0204:4:47:4346:74513#0/2 0 0 0 0
HWI-ST183_0204:4:41:6005:47775#0/1 39 0 39 6
HWI-ST183_0204:4:41:6005:47775#0/2 45 0 45 0
HWI-ST183_0204:4:47:3581:152101#0/1 39 0 39 6
HWI-ST183_0204:4:47:3581:152101#0/2 45 0 45 0
HWI-ST183_0204:4:5:13933:182945#0/1 45 0 45 0
HWI-ST183_0204:4:5:13933:182945#0/2 45 0 45 0
HWI-ST183_0204:4:21:11728:196615#0/1 45 0 45 0
HWI-ST183_0204:4:21:11728:196615#0/2 45 0 45 0
HWI-ST183_0204:4:41:3517:190892#0/1 45 0 45 0
HWI-ST183_0204:4:41:3517:190892#0/2 45 0 45 0
HWI-ST183_0204:4:45:7036:143432#0/1 36 0 36 9
HWI-ST183_0204:4:45:7036:143432#0/2 38 0 38 7
HWI-ST183_0204:4:4:3133:18085#0/1 45 0 45 0
HWI-ST183_0204:4:4:3133:18085#0/2 39 0 39 6
HWI-ST183_0204:4:21:6285:199702#0/1 45 0 45 0
HWI-ST183_0204:4:21:6285:199702#0/2 45 0 45 0
HWI-ST183_0204:4:3:16966:164263#0/1 45 0 45 0
HWI-ST183_0204:4:3:16966:164263#0/2 45 0 45 0
HWI-ST183_0204:4:47:19806:62662#0/1 45 0 45 0
HWI-ST183_0204:4:47:19806:62662#0/2 45 0 45 0
HWI-ST183_0204:4:5:6980:168238#0/1 45 0 45 0
HWI-ST183_0204:4:5:6980:168238#0/2 45 0 45 0
HWI-ST183_0204:4:5:12850:4942#0/1 45 0 45 0
HWI-ST183_0204:4:5:12850:4942#0/2 45 0 45 0
HWI-ST183_0204:4:5:19455:36805#0/1 45 0 45 0
HWI-ST183_0204:4:5:19455:36805#0/2 45 0 45 0
HWI-ST183_0204:4:45:21066:103855#0/1 45 0 45 0
HWI-ST183_0204:4:45:21066:103855#0/2 45 0 45 0
HWI-ST183_0204:4:67:7971:199846#0/1 45 0 45 0
HWI-ST183_0204:4:67:7971:199846#0/2 45 0 45 0
HWI-ST183_0204:4:43:4181:118966#0/1 0 0 0 0
HWI-ST183_0204:4:43:4181:118966#0/2 31 0 31 14
HWI-ST183_0204:4:6:20381:114255#0/1 45 0 45 0
HWI-ST183_0204:4:6:20381:114255#0/2 45 0 45 0
HWI-ST183_0204:4:6:18150:116089#0/1 45 0 45 0
HWI-ST183_0204:4:6:18150:116089#0/2 45 0 45 0
HWI-ST183_0204:4:4:11316:108191#0/1 45 0 45 0
HWI-ST183_0204:4:4:11316:108191#0/2 45 0 45 0
HWI-ST183_0204:4:62:12835:175282#0/1 20 0 20 25
HWI-ST183_0204:4:62:12835:175282#0/2 28 0 28 17
HWI-ST183_0204:4:61:12006:87172#0/1 45 0 45 0
HWI-ST183_0204:4:61:12006:87172#0/2 45 0 45 0
HWI-ST183_0204:4:2:21088:182573#0/1 45 0 45 0
HWI-ST183_0204:4:2:21088:182573#0/2 45 0 45 0
HWI-ST183_0204:4:65:19130:12469#0/1 45 0 45 0
HWI-ST183_0204:4:65:19130:12469#0/2 38 0 38 7
HWI-ST183_0204:4:43:20225:90361#0/1 45 0 45 0
HWI-ST183_0204:4:43:20225:90361#0/2 45 0 45 0
HWI-ST183_0204:4:41:6398:37794#0/1 45 0 45 0
HWI-ST183_0204:4:41:6398:37794#0/2 44 0 44 1
HWI-ST183_0204:4:48:16284:133053#0/1 45 0 45 0
HWI-ST183_0204:4:48:16284:133053#0/2 0 0 0 0
HWI-ST183_0204:4:6:7300:60976#0/1 45 0 45 0
HWI-ST183_0204:4:6:7300:60976#0/2 45 0 45 0
HWI-ST183_0204:4:65:19493:42644#0/1 39 0 39 6
HWI-ST183_0204:4:65:19493:42644#0/2 29 0 29 16
HWI-ST183_0204:4:68:13803:7541#0/1 45 0 45 0
HWI-ST183_0204:4:68:13803:7541#0/2 33 0 33 12
HWI-ST183_0204:4:42:20949:26233#0/1 45 0 45 0
HWI-ST183_0204:4:42:20949:26233#0/2 45 0 45 0
HWI-ST183_0204:4:26:8917:124526#0/1 0 0 0 0
HWI-ST183_0204:4:26:8917:124526#0/2 45 0 45 0
HWI-ST183_0204:4:62:5239:91275#0/1 45 0 45 0
HWI-ST183_0204:4:62:5239:91275#0/2 45 0 45 0
HWI-ST183_0204:4:21:2922:76102#0/1 45 0 45 0
HWI-ST183_0204:4:21:2922:76102#0/2 45 0 45 0
HWI-ST183_0204:4:68:12608:96273#0/1 45 0 45 0
HWI-ST183_0204:4:68:12608:96273#0/2 45 0 45 0
HWI-ST183_0204:4:41:8567:35776#0/1 25 0 25 20
HWI-ST183_0204:4:41:8567:35776#0/2 0 0 0 0
HWI-ST183_0204:4:47:15587:199726#0/1 0 0 0 0
HWI-ST183_0204:4:47:15587:199726#0/2 0 0 0 0
HWI-ST183_0204:4:27:17308:28811#0/1 45 0 45 0
HWI-ST183_0204:4:27:17308:28811#0/2 45 0 45 0
HWI-ST183_0204:4:43:7382:50052#0/1 45 0 45 0
HWI-ST183_0204:4:43:7382:50052#0/2 45 0 45 0
HWI-ST183_0204:4:2:12150:188787#0/1 45 0 45 0
HWI-ST183_0204:4:2:12150:188787#0/2 0 0 0 0
HWI-ST183_0204:4:42:12824:74696#0/1 45 0 45 0
HWI-ST183_0204:4:42:12824:74696#0/2 45 0 45 0
HWI-ST183_0204:4:44:18678:89901#0/1 45 0 45 0
HWI-ST183_0204:4:44:18678:89901#0/2 45 0 45 0
HWI-ST183_0204:4:45:10889:114303#0/1 45 0 45 0
HWI-ST183_0204:4:45:10889:114303#0/2 45 0 45 0
HWI-ST183_0204:4:65:4455:101809#0/1 45 0 45 0
HWI-ST183_0204:4:65:4455:101809#0/2 45 0 45 0
HWI-ST183_0204:4:22:5902:178000#0/1 45 0 45 0
HWI-ST183_0204:4:22:5902:178000#0/2 45 0 45 0
HWI-ST183_0204:4:23:18266:66755#0/1 45 0 45 0
HWI-ST183_0204:4:23:18266:66755#0/2 38 0 38 7
HWI-ST183_0204:4:23:10809:79440#0/1 45 0 45 0
HWI-ST183_0204:4:23:10809:79440#0/2 45 0 45 0
HWI-ST183_0204:4:4:5847:133695#0/1 45 0 45 0
HWI-ST183_0204:4:4:5847:133695#0/2 45 0 45 0
HWI-ST183_0204:4:22:8416:95131#0/1 45 0 45 0
HWI-ST183_0204:4:22:8416:95131#0/2 44 0 44 1
HWI-ST183_0204:4:48:14219:2374#0/1 45 0 45 0
HWI-ST183_0204:4:48:14219:2374#0/2 0 0 0 0
HWI-ST183_0204:4:8:15924:18813#0/1 45 0 45 0
HWI-ST183_0204:4:8:15924:18813#0/2 45 0 45 0
HWI-ST183_0204:4:43:5816:14680#0/1 45 0 45 0
HWI-ST183_0204:4:43:5816:14680#0/2 45 0 45 0
HWI-ST183_0204:4:47:12085:139174#0/1 45 0 45 0
HWI-ST183_0204:4:47:12085:139174#0/2 28 0 28 17
HWI-ST183_0204:4:63:5105:22710#0/1 45 0 45 0
HWI-ST183_0204:4:63:5105:22710#0/2 45 0 45 0
HWI-ST183_0204:4:2:10019:107026#0/1 45 0 45 0
HWI-ST183_0204:4:2:10019:107026#0/2 45 0 45 0
HWI-ST183_0204:4:5:1490:170673#0/1 45 0 45 0
HWI-ST183_0204:4:5:1490:170673#0/2 25 0 25 20
HWI-ST183_0204:4:42:4719:139724#0/1 45 0 45 0
HWI-ST183_0204:4:42:4719:139724#0/2 0 0 0 0
HWI-ST183_0204:4:42:10938:93641#0/1 45 0 45 0
HWI-ST183_0204:4:42:10938:93641#0/2 45 0 45 0
HWI-ST183_0204:4:47:18202:169494#0/1 45 0 45 0
HWI-ST183_0204:4:47:18202:169494#0/2 0 0 0 0
HWI-ST183_0204:4:68:9679:85577#0/1 45 0 45 0
HWI-ST183_0204:4:68:9679:85577#0/2 45 0 45 0
HWI-ST183_0204:4:48:16458:166557#0/1 39 0 39 6
HWI-ST183_0204:4:48:16458:166557#0/2 0 0 0 0
HWI-ST183_0204:4:62:13935:141274#0/1 45 0 45 0
HWI-ST183_0204:4:62:13935:141274#0/2 45 0 45 0
HWI-ST183_0204:4:22:21302:49951#0/1 45 0 45 0
HWI-ST183_0204:4:22:21302:49951#0/2 26 0 26 19
