HWI-ST183_0204:4:6:8348:57426#0/1 45 0 45 0
HWI-ST183_0204:4:6:8348:57426#0/2 45 0 45 0
HWI-ST183_0204:4:48:9085:187682#0/1 45 0 45 0
HWI-ST183_0204:4:48:9085:187682#0/2 0 0 0 0
HWI-ST183_0204:4:25:20294:12047#0/1 45 0 45 0
HWI-ST183_0204:4:25:20294:12047#0/2 42 0 42 3
HWI-ST183_0204:4:4:13917:128764#0/1 45 0 45 0
HWI-ST183_0204:4:4:13917:128764#0/2 45 0 45 0
HWI-ST183_0204:4:65:9890:90400#0/1 30 0 30 15
HWI-ST183_0204:4:65:9890:90400#0/2 45 0 45 0
HWI-ST183_0204:4:41:20084:64888#0/1 45 0 45 0
HWI-ST183_0204:4:41:20084:64888#0/2 45 0 45 0
HWI-ST183_0204:4:26:3539:60045#0/1 45 0 45 0
HWI-ST183_0204:4:26:3539:60045#0/2 45 0 45 0
HWI-ST183_0204:4:4:19777:95304#0/1 45 0 45 0
HWI-ST183_0204:4:4:19777:95304#0/2 45 0 45 0
HWI-ST183_0204:4:21:8010:84310#0/1 45 0 45 0
HWI-ST183_0204:4:21:8010:84310#0/2 45 0 45 0
HWI-ST183_0204:4:64:5640:174022#0/1 45 0 45 0
HWI-ST183_0204:4:64:5640:174022#0/2 0 0 0 0
HWI-ST183_0204:4:65:7846:89869#0/1 0 0 0 0
HWI-ST183_0204:4:65:7846:89869#0/2 0 0 0 0
HWI-ST183_0204:4:64:19715:168091#0/1 45 0 45 0
HWI-ST183_0204:4:64:19715:168091#0/2 45 0 45 0
HWI-ST183_0204:4:1:7868:111460#0/1 45 0 45 0
HWI-ST183_0204:4:1:7868:111460#0/2 39 0 39 6
HWI-ST183_0204:4:21:14215:41580#0/1 45 0 45 0
HWI-ST183_0204:4:21:14215:41580#0/2 45 0 45 0
HWI-ST183_0204:4:44:15313:108164#0/1 45 0 45 0
HWI-ST183_0204:4:44:15313:108164#0/2 45 0 45 0
HWI-ST183_0204:4:1:17510:124995#0/1 45 0 45 0
HWI-ST183_0204:4:1:17510:124995#0/2 45 0 45 0
HWI-ST183_0204:4:64:4919:40658#0/1 0 0 0 0
HWI-ST183_0204:4:64:4919:40658#0/2 0 0 0 0
HWI-ST183_0204:4:22:15638:49047#0/1 24 0 24 21
HWI-ST183_0204:4:22:15638:49047#0/2 45 0 45 0
HWI-ST183_0204:4:21:19796:127412#0/1 0 0 0 0
HWI-ST183_0204:4:21:19796:127412#0/2 34 0 34 11
HWI-ST183_0204:4:24:4390:101771#0/1 45 0 45 0
HWI-ST183_0204:4:24:4390:101771#0/2 41 0 41 4
HWI-ST183_0204:4:4:7251:74368#0/1 45 0 45 0
HWI-ST183_0204:4:4:7251:74368#0/2 45 0 45 0
HWI-ST183_0204:4:47:11622:105291#0/1 45 0 45 0
HWI-ST183_0204:4:47:11622:105291#0/2 45 0 45 0
HWI-ST183_0204:4:23:20050:108913#0/1 45 0 45 0
HWI-ST183_0204:4:23:20050:108913#0/2 44 0 44 1
HWI-ST183_0204:4:61:11499:127854#0/1 45 0 45 0
HWI-ST183_0204:4:61:11499:127854#0/2 45 0 45 0
HWI-ST183_0204:4:42:18785:138270#0/1 45 0 45 0
HWI-ST183_0204:4:42:18785:138270#0/2 45 0 45 0
HWI-ST183_0204:4:3:9869:78932#0/1 45 0 45 0
HWI-ST183_0204:4:3:9869:78932#0/2 39 0 39 6
HWI-ST183_0204:4:23:19779:44733#0/1 45 0 45 0
HWI-ST183_0204:4:23:19779:44733#0/2 23 0 23 22
HWI-ST183_0204:4:44:9718:88416#0/1 45 0 45 0
HWI-ST183_0204:4:44:9718:88416#0/2 45 0 45 0
HWI-ST183_0204:4:42:14238:62968#0/1 45 0 45 0
HWI-ST183_0204:4:42:14238:62968#0/2 45 0 45 0
HWI-ST183_0204:4:63:15996:13238#0/1 38 0 38 7
HWI-ST183_0204:4:63:15996:13238#0/2 45 0 45 0
HWI-ST183_0204:4:43:2711:116908#0/1 45 0 45 0
HWI-ST183_0204:4:43:2711:116908#0/2 34 0 34 11
HWI-ST183_0204:4:1:19927:58992#0/1 40 0 40 5
HWI-ST183_0204:4:1:19927:58992#0/2 45 0 45 0
HWI-ST183_0204:4:45:16887:158843#0/1 41 0 41 4
HWI-ST183_0204:4:45:16887:158843#0/2 45 0 45 0
HWI-ST183_0204:4:2:17377:13868#0/1 45 0 45 0
HWI-ST183_0204:4:2:17377:13868#0/2 45 0 45 0
HWI-ST183_0204:4:48:16851:14153#0/1 45 0 45 0
HWI-ST183_0204:4:48:16851:14153#0/2 0 0 0 0
HWI-ST183_0204:4:27:17990:39408#0/1 45 0 45 0
HWI-ST183_0204:4:27:17990:39408#0/2 45 0 45 0
HWI-ST183_0204:4:65:4294:148570#0/1 45 0 45 0
HWI-ST183_0204:4:65:4294:148570#0/2 45 0 45 0
HWI-ST183_0204:4:62:16054:54688#0/1 45 0 45 0
HWI-ST183_0204:4:62:16054:54688#0/2 45 0 45 0
HWI-ST183_0204:4:42:17157:85139#0/1 39 0 39 6
HWI-ST183_0204:4:42:17157:85139#0/2 0 0 0 0
HWI-ST183_0204:4:41:8466:71857#0/1 45 0 45 0
HWI-ST183_0204:4:41:8466:71857#0/2 45 0 45 0
HWI-ST183_0204:4:27:3998:57098#0/1 45 0 45 0
HWI-ST183_0204:4:27:3998:57098#0/2 45 0 45 0
HWI-ST183_0204:4:63:18439:11170#0/1 45 0 45 0
HWI-ST183_0204:4:63:18439:11170#0/2 44 0 44 1
HWI-ST183_0204:4:61:17871:119361#0/1 45 0 45 0
HWI-ST183_0204:4:61:17871:119361#0/2 44 0 44 1
HWI-ST183_0204:4:62:2915:85218#0/1 45 0 45 0
HWI-ST183_0204:4:62:2915:85218#0/2 45 0 45 0
HWI-ST183_0204:4:3:12086:107181#0/1 0 0 0 0
HWI-ST183_0204:4:3:12086:107181#0/2 45 0 45 0
HWI-ST183_0204:4:27:16331:165306#0/1 45 0 45 0
HWI-ST183_0204:4:27:16331:165306#0/2 45 0 45 0
HWI-ST183_0204:4:23:5296:173496#0/1 0 0 0 0
HWI-ST183_0204:4:23:5296:173496#0/2 0 0 0 0
HWI-ST183_0204:4:25:11482:35092#0/1 45 0 45 0
HWI-ST183_0204:4:25:11482:35092#0/2 45 0 45 0
HWI-ST183_0204:4:42:18200:79182#0/1 0 0 0 0
HWI-ST183_0204:4:42:18200:79182#0/2 45 0 45 0
HWI-ST183_0204:4:47:16345:46398#0/1 45 0 45 0
HWI-ST183_0204:4:47:16345:46398#0/2 45 0 45 0
HWI-ST183_0204:4:67:9372:31640#0/1 45 0 45 0
HWI-ST183_0204:4:67:9372:31640#0/2 0 0 0 0
HWI-ST183_0204:4:22:9795:49831#0/1 45 0 45 0
HWI-ST183_0204:4:22:9795:49831#0/2 45 0 45 0
HWI-ST183_0204:4:64:8840:14659#0/1 45 0 45 0
HWI-ST183_0204:4:64:8840:14659#0/2 45 0 45 0
HWI-ST183_0204:4:63:10621:10473#0/1 41 0 41 4
HWI-ST183_0204:4:63:10621:10473#0/2 45 0 45 0
HWI-ST183_0204:4:2:14938:117246#0/1 45 0 45 0
HWI-ST183_0204:4:2:14938:117246#0/2 45 0 45 0
HWI-ST183_0204:4:61:11574:152954#0/1 45 0 45 0
HWI-ST183_0204:4:61:11574:152954#0/2 44 0 44 1
HWI-ST183_0204:4:64:14216:101883#0/1 30 0 30 15
HWI-ST183_0204:4:64:14216:101883#0/2 34 0 34 11
HWI-ST183_0204:4:4:6503:37985#0/1 45 0 45 0
HWI-ST183_0204:4:4:6503:37985#0/2 45 0 45 0
HWI-ST183_0204:4:26:8637:35433#0/1 45 0 45 0
HWI-ST183_0204:4:26:8637:35433#0/2 45 0 45 0
HWI-ST183_0204:4:1:20150:134675#0/1 45 0 45 0
HWI-ST183_0204:4:1:20150:134675#0/2 45 0 45 0
HWI-ST183_0204:4:42:12956:58412#0/1 45 0 45 0
HWI-ST183_0204:4:42:12956:58412#0/2 45 0 45 0
HWI-ST183_0204:4:8:12111:86787#0/1 45 0 45 0
HWI-ST183_0204:4:8:12111:86787#0/2 37 0 37 8
HWI-ST183_0204:4:61:14891:147229#0/1 45 0 45 0
HWI-ST183_0204:4:61:14891:147229#0/2 45 0 45 0
HWI-ST183_0204:4:6:9293:190289#0/1 45 0 45 0
HWI-ST183_0204:4:6:9293:190289#0/2 45 0 45 0
HWI-ST183_0204:4:43:3703:176423#0/1 45 0 45 0
HWI-ST183_0204:4:43:3703:176423#0/2 45 0 45 0
HWI-ST183_0204:4:68:4131:39047#0/1 45 0 45 0
HWI-ST183_0204:4:68:4131:39047#0/2 45 0 45 0
HWI-ST183_0204:4:45:8244:52462#0/1 45 0 45 0
HWI-ST183_0204:4:45:8244:52462#0/2 45 0 45 0
HWI-ST183_0204:4:42:14987:170005#0/1 30 0 30 15
HWI-ST183_0204:4:42:14987:170005#0/2 45 0 45 0
HWI-ST183_0204:4:4:7725:13114#0/1 45 0 45 0
HWI-ST183_0204:4:4:7725:13114#0/2 45 0 45 0
HWI-ST183_0204:4:63:10347:68198#0/1 45 0 45 0
HWI-ST183_0204:4:63:10347:68198#0/2 39 0 39 6
HWI-ST183_0204:4:62:3974:192359#0/1 45 0 45 0
HWI-ST183_0204:4:62:3974:192359#0/2 32 0 32 13
HWI-ST183_0204:4:21:19988:51502#0/1 45 0 45 0
HWI-ST183_0204:4:21:19988:51502#0/2 34 0 34 11
HWI-ST183_0204:4:61:16077:58239#0/1 45 0 45 0
HWI-ST183_0204:4:61:16077:58239#0/2 45 0 45 0
HWI-ST183_0204:4:45:11335:42202#0/1 45 0 45 0
HWI-ST183_0204:4:45:11335:42202#0/2 45 0 45 0
HWI-ST183_0204:4:44:11608:131961#0/1 45 0 45 0
HWI-ST183_0204:4:44:11608:131961#0/2 0 0 0 0
HWI-ST183_0204:4:66:7182:153999#0/1 0 0 0 0
HWI-ST183_0204:4:66:7182:153999#0/2 0 0 0 0
HWI-ST183_0204:4:4:4264:99185#0/1 45 0 45 0
HWI-ST183_0204:4:4:4264:99185#0/2 34 0 34 11
HWI-ST183_0204:4:45:20661:156698#0/1 45 0 45 0
HWI-ST183_0204:4:45:20661:156698#0/2 45 0 45 0
HWI-ST183_0204:4:66:15931:106299#0/1 45 0 45 0
HWI-ST183_0204:4:66:15931:106299#0/2 45 0 45 0
HWI-ST183_0204:4:23:3124:198010#0/1 35 0 35 10
HWI-ST183_0204:4:23:3124:198010#0/2 45 0 45 0
HWI-ST183_0204:4:41:20019:101712#0/1 45 0 45 0
HWI-ST183_0204:4:41:20019:101712#0/2 45 0 45 0
HWI-ST183_0204:4:6:17200:15333#0/1 45 0 45 0
HWI-ST183_0204:4:6:17200:15333#0/2 45 0 45 0
HWI-ST183_0204:4:25:11464:6322#0/1 45 0 45 0
HWI-ST183_0204:4:25:11464:6322#0/2 45 0 45 0
HWI-ST183_0204:4:45:5905:23630#0/1 45 0 45 0
HWI-ST183_0204:4:45:5905:23630#0/2 41 0 41 4
HWI-ST183_0204:4:2:14676:196171#0/1 45 0 45 0
HWI-ST183_0204:4:2:14676:196171#0/2 44 0 44 1
HWI-ST183_0204:4:42:3972:168985#0/1 45 0 45 0
HWI-ST183_0204:4:42:3972:168985#0/2 45 0 45 0
HWI-ST183_0204:4:21:7008:119501#0/1 45 0 45 0
HWI-ST183_0204:4:21:7008:119501#0/2 45 0 45 0
HWI-ST183_0204:4:44:12777:22910#0/1 38 0 38 7
HWI-ST183_0204:4:44:12777:22910#0/2 45 0 45 0
HWI-ST183_0204:4:3:10710:12873#0/1 45 0 45 0
HWI-ST183_0204:4:3:10710:12873#0/2 45 0 45 0
HWI-ST183_0204:4:64:9235:130178#0/1 45 0 45 0
HWI-ST183_0204:4:64:9235:130178#0/2 45 0 45 0
HWI-ST183_0204:4:3:10086:97287#0/1 45 0 45 0
HWI-ST183_0204:4:3:10086:97287#0/2 35 0 35 10
HWI-ST183_0204:4:63:16103:132224#0/1 45 0 45 0
HWI-ST183_0204:4:63:16103:132224#0/2 45 0 45 0
HWI-ST183_0204:4:44:14951:139173#0/1 45 0 45 0
HWI-ST183_0204:4:44:14951:139173#0/2 45 0 45 0
HWI-ST183_0204:4:25:1547:39387#0/1 0 0 0 0
HWI-ST183_0204:4:25:1547:39387#0/2 45 0 45 0
HWI-ST183_0204:4:24:6455:31195#0/1 45 0 45 0
HWI-ST183_0204:4:24:6455:31195#0/2 45 0 45 0
HWI-ST183_0204:4:61:9129:31517#0/1 45 0 45 0
HWI-ST183_0204:4:61:9129:31517#0/2 37 0 37 8
HWI-ST183_0204:4:42:17587:199486#0/1 45 0 45 0
HWI-ST183_0204:4:42:17587:199486#0/2 45 0 45 0
HWI-ST183_0204:4:61:10857:60546#0/1 45 0 45 0
HWI-ST183_0204:4:61:10857:60546#0/2 37 0 37 8
HWI-ST183_0204:4:4:1548:120270#0/1 21 0 21 24
HWI-ST183_0204:4:4:1548:120270#0/2 0 0 0 0
HWI-ST183_0204:4:3:3766:43068#0/1 45 0 45 0
HWI-ST183_0204:4:3:3766:43068#0/2 36 0 36 9
HWI-ST183_0204:4:21:5315:167194#0/1 45 0 45 0
HWI-ST183_0204:4:21:5315:167194#0/2 45 0 45 0
HWI-ST183_0204:4:43:15334:78851#0/1 45 0 45 0
HWI-ST183_0204:4:43:15334:78851#0/2 34 0 34 11
HWI-ST183_0204:4:1:10641:165166#0/1 45 0 45 0
HWI-ST183_0204:4:1:10641:165166#0/2 44 0 44 1
HWI-ST183_0204:4:46:3484:34370#0/1 45 0 45 0
HWI-ST183_0204:4:46:3484:34370#0/2 45 0 45 0
HWI-ST183_0204:4:43:16023:178212#0/1 45 0 45 0
HWI-ST183_0204:4:43:16023:178212#0/2 45 0 45 0
HWI-ST183_0204:4:61:4453:184385#0/1 45 0 45 0
HWI-ST183_0204:4:61:4453:184385#0/2 45 0 45 0
HWI-ST183_0204:4:45:7801:82500#0/1 45 0 45 0
HWI-ST183_0204:4:45:7801:82500#0/2 45 0 45 0
HWI-ST183_0204:4:25:8525:123374#0/1 45 0 45 0
HWI-ST183_0204:4:25:8525:123374#0/2 45 0 45 0
HWI-ST183_0204:4:22:18402:171845#0/1 45 0 45 0
HWI-ST183_0204:4:22:18402:171845#0/2 42 0 42 3
HWI-ST183_0204:4:21:13262:56568#0/1 45 0 45 0
HWI-ST183_0204:4:21:13262:56568#0/2 0 0 0 0
HWI-ST183_0204:4:61:1481:60437#0/1 45 0 45 0
HWI-ST183_0204:4:61:1481:60437#0/2 45 0 45 0
HWI-ST183_0204:4:61:6836:39082#0/1 45 0 45 0
HWI-ST183_0204:4:61:6836:39082#0/2 45 0 45 0
HWI-ST183_0204:4:41:14635:47465#0/1 45 0 45 0
HWI-ST183_0204:4:41:14635:47465#0/2 45 0 45 0
HWI-ST183_0204:4:41:10105:127803#0/1 45 0 45 0
HWI-ST183_0204:4:41:10105:127803#0/2 45 0 45 0
HWI-ST183_0204:4:23:20103:56326#0/1 45 0 45 0
HWI-ST183_0204:4:23:20103:56326#0/2 37 0 37 8
HWI-ST183_0204:4:4:14008:131609#0/1 45 0 45 0
HWI-ST183_0204:4:4:14008:131609#0/2 45 0 45 0
HWI-ST183_0204:4:6:16211:172188#0/1 45 0 45 0
HWI-ST183_0204:4:6:16211:172188#0/2 0 0 0 0
HWI-ST183_0204:4:65:16919:79176#0/1 45 0 45 0
HWI-ST183_0204:4:65:16919:79176#0/2 45 0 45 0
HWI-ST183_0204:4:26:4971:143273#0/1 45 0 45 0
HWI-ST183_0204:4:26:4971:143273#0/2 45 0 45 0
HWI-ST183_0204:4:41:20733:150112#0/1 45 0 45 0
HWI-ST183_0204:4:41:20733:150112#0/2 45 0 45 0
HWI-ST183_0204:4:21:1333:77844#0/1 45 0 45 0
HWI-ST183_0204:4:21:1333:77844#0/2 39 0 39 6
HWI-ST183_0204:4:62:4383:179494#0/1 45 0 45 0
HWI-ST183_0204:4:62:4383:179494#0/2 45 0 45 0
HWI-ST183_0204:4:24:18855:35528#0/1 45 0 45 0
HWI-ST183_0204:4:24:18855:35528#0/2 45 0 45 0
HWI-ST183_0204:4:63:14474:66894#0/1 45 0 45 0
HWI-ST183_0204:4:63:14474:66894#0/2 45 0 45 0
HWI-ST183_0204:4:41:7389:76904#0/1 45 0 45 0
HWI-ST183_0204:4:41:7389:76904#0/2 45 0 45 0
HWI-ST183_0204:4:27:11383:196476#0/1 45 0 45 0
HWI-ST183_0204:4:27:11383:196476#0/2 0 0 0 0
HWI-ST183_0204:4:63:17396:152640#0/1 45 0 45 0
HWI-ST183_0204:4:63:17396:152640#0/2 45 0 45 0
HWI-ST183_0204:4:5:10446:25702#0/1 45 0 45 0
HWI-ST183_0204:4:5:10446:25702#0/2 45 0 45 0
HWI-ST183_0204:4:26:3058:176712#0/1 45 0 45 0
HWI-ST183_0204:4:26:3058:176712#0/2 45 0 45 0
HWI-ST183_0204:4:5:9294:5527#0/1 45 0 45 0
HWI-ST183_0204:4:5:9294:5527#0/2 31 0 31 14
HWI-ST183_0204:4:21:16404:172814#0/1 45 0 45 0
HWI-ST183_0204:4:21:16404:172814#0/2 43 0 43 2
HWI-ST183_0204:4:44:5986:134316#0/1 45 0 45 0
HWI-ST183_0204:4:44:5986:134316#0/2 45 0 45 0
HWI-ST183_0204:4:45:6404:85378#0/1 0 0 0 0
HWI-ST183_0204:4:45:6404:85378#0/2 26 0 26 19
HWI-ST183_0204:4:47:16721:119645#0/1 45 0 45 0
HWI-ST183_0204:4:47:16721:119645#0/2 45 0 45 0
HWI-ST183_0204:4:3:6207:115461#0/1 34 0 34 11
HWI-ST183_0204:4:3:6207:115461#0/2 38 0 38 7
HWI-ST183_0204:4:63:20455:152030#0/1 45 0 45 0
HWI-ST183_0204:4:63:20455:152030#0/2 45 0 45 0
HWI-ST183_0204:4:5:2481:19655#0/1 34 0 34 11
HWI-ST183_0204:4:5:2481:19655#0/2 0 0 0 0
HWI-ST183_0204:4:3:20077:85799#0/1 45 0 45 0
HWI-ST183_0204:4:3:20077:85799#0/2 42 0 42 3
HWI-ST183_0204:4:46:13866:152501#0/1 45 0 45 0
HWI-ST183_0204:4:46:13866:152501#0/2 45 0 45 0
HWI-ST183_0204:4:4:10668:61543#0/1 45 0 45 0
HWI-ST183_0204:4:4:10668:61543#0/2 45 0 45 0
HWI-ST183_0204:4:24:5002:101824#0/1 45 0 45 0
HWI-ST183_0204:4:24:5002:101824#0/2 45 0 45 0
HWI-ST183_0204:4:21:17927:187295#0/1 45 0 45 0
HWI-ST183_0204:4:21:17927:187295#0/2 44 0 44 1
HWI-ST183_0204:4:27:10920:170491#0/1 45 0 45 0
HWI-ST183_0204:4:27:10920:170491#0/2 45 0 45 0
HWI-ST183_0204:4:6:7160:83152#0/1 45 0 45 0
HWI-ST183_0204:4:6:7160:83152#0/2 45 0 45 0
HWI-ST183_0204:4:22:15285:117330#0/1 45 0 45 0
HWI-ST183_0204:4:22:15285:117330#0/2 45 0 45 0
HWI-ST183_0204:4:4:11567:137863#0/1 45 0 45 0
HWI-ST183_0204:4:4:11567:137863#0/2 45 0 45 0
HWI-ST183_0204:4:26:4261:54772#0/1 45 0 45 0
HWI-ST183_0204:4:26:4261:54772#0/2 45 0 45 0
HWI-ST183_0204:4:23:16052:61542#0/1 45 0 45 0
HWI-ST183_0204:4:23:16052:61542#0/2 45 0 45 0
HWI-ST183_0204:4:46:13503:26785#0/1 45 0 45 0
HWI-ST183_0204:4:46:13503:26785#0/2 45 0 45 0
HWI-ST183_0204:4:46:21048:119067#0/1 45 0 45 0
HWI-ST183_0204:4:46:21048:119067#0/2 45 0 45 0
HWI-ST183_0204:4:21:6750:158365#0/1 44 0 44 1
HWI-ST183_0204:4:21:6750:158365#0/2 45 0 45 0
HWI-ST183_0204:4:27:20902:189709#0/1 25 0 25 20
HWI-ST183_0204:4:27:20902:189709#0/2 0 0 0 0
HWI-ST183_0204:4:25:17467:136390#0/1 45 0 45 0
HWI-ST183_0204:4:25:17467:136390#0/2 45 0 45 0
HWI-ST183_0204:4:43:18795:143149#0/1 45 0 45 0
HWI-ST183_0204:4:43:18795:143149#0/2 45 0 45 0
HWI-ST183_0204:4:23:17700:173015#0/1 45 0 45 0
HWI-ST183_0204:4:23:17700:173015#0/2 45 0 45 0
HWI-ST183_0204:4:41:9862:48172#0/1 45 0 45 0
HWI-ST183_0204:4:41:9862:48172#0/2 45 0 45 0
HWI-ST183_0204:4:41:18841:12511#0/1 45 0 45 0
HWI-ST183_0204:4:41:18841:12511#0/2 45 0 45 0
HWI-ST183_0204:4:21:11414:83747#0/1 45 0 45 0
HWI-ST183_0204:4:21:11414:83747#0/2 45 0 45 0
HWI-ST183_0204:4:63:20265:192376#0/1 45 0 45 0
HWI-ST183_0204:4:63:20265:192376#0/2 34 0 34 11
HWI-ST183_0204:4:68:13577:110125#0/1 45 0 45 0
HWI-ST183_0204:4:68:13577:110125#0/2 45 0 45 0
HWI-ST183_0204:4:1:20070:53445#0/1 45 0 45 0
HWI-ST183_0204:4:1:20070:53445#0/2 45 0 45 0
HWI-ST183_0204:4:6:6804:32628#0/1 45 0 45 0
HWI-ST183_0204:4:6:6804:32628#0/2 38 0 38 7
HWI-ST183_0204:4:44:9211:194316#0/1 45 0 45 0
HWI-ST183_0204:4:44:9211:194316#0/2 45 0 45 0
HWI-ST183_0204:4:1:6357:114176#0/1 45 0 45 0
HWI-ST183_0204:4:1:6357:114176#0/2 45 0 45 0
HWI-ST183_0204:4:5:12833:174775#0/1 45 0 45 0
HWI-ST183_0204:4:5:12833:174775#0/2 0 0 0 0
HWI-ST183_0204:4:1:20182:58316#0/1 45 0 45 0
HWI-ST183_0204:4:1:20182:58316#0/2 45 0 45 0
HWI-ST183_0204:4:22:1825:111809#0/1 45 0 45 0
HWI-ST183_0204:4:22:1825:111809#0/2 45 0 45 0
HWI-ST183_0204:4:25:13660:137222#0/1 45 0 45 0
HWI-ST183_0204:4:25:13660:137222#0/2 45 0 45 0
HWI-ST183_0204:4:68:13635:96331#0/1 45 0 45 0
HWI-ST183_0204:4:68:13635:96331#0/2 40 0 40 5
HWI-ST183_0204:4:2:11982:110924#0/1 45 0 45 0
HWI-ST183_0204:4:2:11982:110924#0/2 45 0 45 0
HWI-ST183_0204:4:42:16696:105720#0/1 45 0 45 0
HWI-ST183_0204:4:42:16696:105720#0/2 45 0 45 0
HWI-ST183_0204:4:22:20300:80552#0/1 30 0 30 15
HWI-ST183_0204:4:22:20300:80552#0/2 28 0 28 17
HWI-ST183_0204:4:46:6100:47598#0/1 45 0 45 0
HWI-ST183_0204:4:46:6100:47598#0/2 45 0 45 0
HWI-ST183_0204:4:41:10076:93306#0/1 45 0 45 0
HWI-ST183_0204:4:41:10076:93306#0/2 45 0 45 0
HWI-ST183_0204:4:44:11481:93925#0/1 45 0 45 0
HWI-ST183_0204:4:44:11481:93925#0/2 45 0 45 0
HWI-ST183_0204:4:5:3797:25286#0/1 45 0 45 0
HWI-ST183_0204:4:5:3797:25286#0/2 45 0 45 0
HWI-ST183_0204:4:43:11046:23761#0/1 45 0 45 0
HWI-ST183_0204:4:43:11046:23761#0/2 45 0 45 0
HWI-ST183_0204:4:3:19109:24723#0/1 45 0 45 0
HWI-ST183_0204:4:3:19109:24723#0/2 39 0 39 6
HWI-ST183_0204:4:41:7395:95138#0/1 45 0 45 0
HWI-ST183_0204:4:41:7395:95138#0/2 0 0 0 0
HWI-ST183_0204:4:3:19735:50061#0/1 45 0 45 0
HWI-ST183_0204:4:3:19735:50061#0/2 45 0 45 0
HWI-ST183_0204:4:6:20701:126643#0/1 45 0 45 0
HWI-ST183_0204:4:6:20701:126643#0/2 45 0 45 0
HWI-ST183_0204:4:22:20481:65942#0/1 45 0 45 0
HWI-ST183_0204:4:22:20481:65942#0/2 45 0 45 0
HWI-ST183_0204:4:26:12557:103136#0/1 44 0 44 1
HWI-ST183_0204:4:26:12557:103136#0/2 29 0 29 16
HWI-ST183_0204:4:43:20630:37564#0/1 45 0 45 0
HWI-ST183_0204:4:43:20630:37564#0/2 45 0 45 0
HWI-ST183_0204:4:6:8596:105507#0/1 45 0 45 0
HWI-ST183_0204:4:6:8596:105507#0/2 45 0 45 0
HWI-ST183_0204:4:22:9650:54537#0/1 22 0 22 23
HWI-ST183_0204:4:22:9650:54537#0/2 41 0 41 4
HWI-ST183_0204:4:5:4505:39866#0/1 45 0 45 0
HWI-ST183_0204:4:5:4505:39866#0/2 45 0 45 0
HWI-ST183_0204:4:27:12001:105344#0/1 45 0 45 0
HWI-ST183_0204:4:27:12001:105344#0/2 43 0 43 2
HWI-ST183_0204:4:47:7075:111795#0/1 45 0 45 0
HWI-ST183_0204:4:47:7075:111795#0/2 45 0 45 0
HWI-ST183_0204:4:5:15784:4695#0/1 45 0 45 0
HWI-ST183_0204:4:5:15784:4695#0/2 45 0 45 0
HWI-ST183_0204:4:3:4030:93879#0/1 45 0 45 0
HWI-ST183_0204:4:3:4030:93879#0/2 45 0 45 0
HWI-ST183_0204:4:23:10271:196698#0/1 45 0 45 0
HWI-ST183_0204:4:23:10271:196698#0/2 45 0 45 0
HWI-ST183_0204:4:24:10214:36666#0/1 45 0 45 0
HWI-ST183_0204:4:24:10214:36666#0/2 45 0 45 0
HWI-ST183_0204:4:4:4726:141936#0/1 45 0 45 0
HWI-ST183_0204:4:4:4726:141936#0/2 37 0 37 8
HWI-ST183_0204:4:23:17381:127343#0/1 45 0 45 0
HWI-ST183_0204:4:23:17381:127343#0/2 45 0 45 0
HWI-ST183_0204:4:25:18546:139365#0/1 41 0 41 4
HWI-ST183_0204:4:25:18546:139365#0/2 0 0 0 0
HWI-ST183_0204:4:23:13434:5450#0/1 45 0 45 0
HWI-ST183_0204:4:23:13434:5450#0/2 0 0 0 0
HWI-ST183_0204:4:63:10818:10747#0/1 45 0 45 0
HWI-ST183_0204:4:63:10818:10747#0/2 45 0 45 0
HWI-ST183_0204:4:63:11047:16701#0/1 45 0 45 0
HWI-ST183_0204:4:63:11047:16701#0/2 45 0 45 0
HWI-ST183_0204:4:62:5507:181936#0/1 45 0 45 0
HWI-ST183_0204:4:62:5507:181936#0/2 45 0 45 0
HWI-ST183_0204:4:27:20467:62893#0/1 29 0 29 16
HWI-ST183_0204:4:27:20467:62893#0/2 25 0 25 20
HWI-ST183_0204:4:61:11475:27939#0/1 45 0 45 0
HWI-ST183_0204:4:61:11475:27939#0/2 42 0 42 3
HWI-ST183_0204:4:6:3585:14131#0/1 45 0 45 0
HWI-ST183_0204:4:6:3585:14131#0/2 45 0 45 0
HWI-ST183_0204:4:62:11076:20738#0/1 45 0 45 0
HWI-ST183_0204:4:62:11076:20738#0/2 45 0 45 0
HWI-ST183_0204:4:26:9924:109901#0/1 45 0 45 0
HWI-ST183_0204:4:26:9924:109901#0/2 45 0 45 0
HWI-ST183_0204:4:61:6403:191908#0/1 45 0 45 0
HWI-ST183_0204:4:61:6403:191908#0/2 45 0 45 0
HWI-ST183_0204:4:44:7121:149109#0/1 45 0 45 0
HWI-ST183_0204:4:44:7121:149109#0/2 45 0 45 0
HWI-ST183_0204:4:21:6470:31790#0/1 45 0 45 0
HWI-ST183_0204:4:21:6470:31790#0/2 0 0 0 0
HWI-ST183_0204:4:44:15418:105058#0/1 45 0 45 0
HWI-ST183_0204:4:44:15418:105058#0/2 45 0 45 0
HWI-ST183_0204:4:8:10235:83456#0/1 45 0 45 0
HWI-ST183_0204:4:8:10235:83456#0/2 45 0 45 0
HWI-ST183_0204:4:67:13398:36171#0/1 45 0 45 0
HWI-ST183_0204:4:67:13398:36171#0/2 45 0 45 0
HWI-ST183_0204:4:65:17168:94438#0/1 45 0 45 0
HWI-ST183_0204:4:65:17168:94438#0/2 0 0 0 0
HWI-ST183_0204:4:24:3513:5589#0/1 45 0 45 0
HWI-ST183_0204:4:24:3513:5589#0/2 29 0 29 16
HWI-ST183_0204:4:41:20253:149244#0/1 45 0 45 0
HWI-ST183_0204:4:41:20253:149244#0/2 45 0 45 0
HWI-ST183_0204:4:62:17098:78990#0/1 45 0 45 0
HWI-ST183_0204:4:62:17098:78990#0/2 0 0 0 0
HWI-ST183_0204:4:64:1536:32526#0/1 20 0 20 25
HWI-ST183_0204:4:64:1536:32526#0/2 38 0 38 7
HWI-ST183_0204:4:44:20113:18820#0/1 45 0 45 0
HWI-ST183_0204:4:44:20113:18820#0/2 45 0 45 0
HWI-ST183_0204:4:44:14948:135175#0/1 45 0 45 0
HWI-ST183_0204:4:44:14948:135175#0/2 45 0 45 0
HWI-ST183_0204:4:63:17835:111489#0/1 45 0 45 0
HWI-ST183_0204:4:63:17835:111489#0/2 38 0 38 7
HWI-ST183_0204:4:4:17858:90842#0/1 45 0 45 0
HWI-ST183_0204:4:4:17858:90842#0/2 45 0 45 0
HWI-ST183_0204:4:66:18348:136945#0/1 45 0 45 0
HWI-ST183_0204:4:66:18348:136945#0/2 45 0 45 0
HWI-ST183_0204:4:21:2673:150590#0/1 45 0 45 0
HWI-ST183_0204:4:21:2673:150590#0/2 45 0 45 0
HWI-ST183_0204:4:5:2061:159063#0/1 36 0 36 9
HWI-ST183_0204:4:5:2061:159063#0/2 33 0 33 12
HWI-ST183_0204:4:62:1548:193318#0/1 45 0 45 0
HWI-ST183_0204:4:62:1548:193318#0/2 39 0 39 6
HWI-ST183_0204:4:23:3586:104861#0/1 45 0 45 0
HWI-ST183_0204:4:23:3586:104861#0/2 45 0 45 0
HWI-ST183_0204:4:5:8520:116472#0/1 45 0 45 0
HWI-ST183_0204:4:5:8520:116472#0/2 45 0 45 0
HWI-ST183_0204:4:3:13331:28711#0/1 45 0 45 0
HWI-ST183_0204:4:3:13331:28711#0/2 0 0 0 0
HWI-ST183_0204:4:27:4150:155896#0/1 45 0 45 0
HWI-ST183_0204:4:27:4150:155896#0/2 45 0 45 0
HWI-ST183_0204:4:21:2162:155734#0/1 45 0 45 0
HWI-ST183_0204:4:21:2162:155734#0/2 44 0 44 1
HWI-ST183_0204:4:2:6075:152931#0/1 45 0 45 0
HWI-ST183_0204:4:2:6075:152931#0/2 45 0 45 0
HWI-ST183_0204:4:6:4088:18497#0/1 45 0 45 0
HWI-ST183_0204:4:6:4088:18497#0/2 24 0 24 21
HWI-ST183_0204:4:64:5915:55843#0/1 45 0 45 0
HWI-ST183_0204:4:64:5915:55843#0/2 45 0 45 0
HWI-ST183_0204:4:42:10500:104258#0/1 45 0 45 0
HWI-ST183_0204:4:42:10500:104258#0/2 45 0 45 0
HWI-ST183_0204:4:3:15422:28579#0/1 45 0 45 0
HWI-ST183_0204:4:3:15422:28579#0/2 45 0 45 0
HWI-ST183_0204:4:64:13643:112310#0/1 34 0 34 11
HWI-ST183_0204:4:64:13643:112310#0/2 45 0 45 0
HWI-ST183_0204:4:21:4922:166955#0/1 45 0 45 0
HWI-ST183_0204:4:21:4922:166955#0/2 45 0 45 0
HWI-ST183_0204:4:62:13688:5696#0/1 45 0 45 0
HWI-ST183_0204:4:62:13688:5696#0/2 45 0 45 0
HWI-ST183_0204:4:42:5418:96645#0/1 45 0 45 0
HWI-ST183_0204:4:42:5418:96645#0/2 45 0 45 0
HWI-ST183_0204:4:24:13682:14308#0/1 45 0 45 0
HWI-ST183_0204:4:24:13682:14308#0/2 45 0 45 0
HWI-ST183_0204:4:1:7650:25383#0/1 45 0 45 0
HWI-ST183_0204:4:1:7650:25383#0/2 45 0 45 0
HWI-ST183_0204:4:67:9580:160824#0/1 45 0 45 0
HWI-ST183_0204:4:67:9580:160824#0/2 45 0 45 0
HWI-ST183_0204:4:47:10690:164883#0/1 45 0 45 0
HWI-ST183_0204:4:47:10690:164883#0/2 45 0 45 0
HWI-ST183_0204:4:65:3414:88232#0/1 45 0 45 0
HWI-ST183_0204:4:65:3414:88232#0/2 45 0 45 0
HWI-ST183_0204:4:27:12989:98793#0/1 45 0 45 0
HWI-ST183_0204:4:27:12989:98793#0/2 45 0 45 0
HWI-ST183_0204:4:4:13936:108231#0/1 45 0 45 0
HWI-ST183_0204:4:4:13936:108231#0/2 45 0 45 0
HWI-ST183_0204:4:61:10779:179790#0/1 45 0 45 0
HWI-ST183_0204:4:61:10779:179790#0/2 45 0 45 0
HWI-ST183_0204:4:44:20465:86625#0/1 45 0 45 0
HWI-ST183_0204:4:44:20465:86625#0/2 45 0 45 0
HWI-ST183_0204:4:26:18328:147664#0/1 45 0 45 0
HWI-ST183_0204:4:26:18328:147664#0/2 40 0 40 5
HWI-ST183_0204:4:62:20201:30507#0/1 45 0 45 0
HWI-ST183_0204:4:62:20201:30507#0/2 44 0 44 1
HWI-ST183_0204:4:68:19875:11623#0/1 45 0 45 0
HWI-ST183_0204:4:68:19875:11623#0/2 34 0 34 11
HWI-ST183_0204:4:46:9570:168081#0/1 45 0 45 0
HWI-ST183_0204:4:46:9570:168081#0/2 33 0 33 12
HWI-ST183_0204:4:62:14855:19745#0/1 45 0 45 0
HWI-ST183_0204:4:62:14855:19745#0/2 44 0 44 1
HWI-ST183_0204:4:5:5082:162548#0/1 44 0 44 1
HWI-ST183_0204:4:5:5082:162548#0/2 22 0 22 23
HWI-ST183_0204:4:48:14851:113405#0/1 45 0 45 0
HWI-ST183_0204:4:48:14851:113405#0/2 0 0 0 0
HWI-ST183_0204:4:45:4078:38313#0/1 45 0 45 0
HWI-ST183_0204:4:45:4078:38313#0/2 0 0 0 0
HWI-ST183_0204:4:24:19873:178502#0/1 45 0 45 0
HWI-ST183_0204:4:24:19873:178502#0/2 42 0 42 3
HWI-ST183_0204:4:22:17186:41449#0/1 45 0 45 0
HWI-ST183_0204:4:22:17186:41449#0/2 45 0 45 0
HWI-ST183_0204:4:68:8171:14433#0/1 45 0 45 0
HWI-ST183_0204:4:68:8171:14433#0/2 45 0 45 0
HWI-ST183_0204:4:22:10375:198945#0/1 45 0 45 0
HWI-ST183_0204:4:22:10375:198945#0/2 45 0 45 0
HWI-ST183_0204:4:45:14801:74627#0/1 45 0 45 0
HWI-ST183_0204:4:45:14801:74627#0/2 45 0 45 0
HWI-ST183_0204:4:65:7418:108667#0/1 45 0 45 0
HWI-ST183_0204:4:65:7418:108667#0/2 45 0 45 0
HWI-ST183_0204:4:64:10957:89658#0/1 39 0 39 6
HWI-ST183_0204:4:64:10957:89658#0/2 45 0 45 0
HWI-ST183_0204:4:6:11861:92978#0/1 45 0 45 0
HWI-ST183_0204:4:6:11861:92978#0/2 45 0 45 0
HWI-ST183_0204:4:5:15795:121621#0/1 45 0 45 0
HWI-ST183_0204:4:5:15795:121621#0/2 0 0 0 0
HWI-ST183_0204:4:61:15369:8783#0/1 45 0 45 0
HWI-ST183_0204:4:61:15369:8783#0/2 45 0 45 0
HWI-ST183_0204:4:66:2873:190640#0/1 45 0 45 0
HWI-ST183_0204:4:66:2873:190640#0/2 39 0 39 6
HWI-ST183_0204:4:44:6476:10369#0/1 45 0 45 0
HWI-ST183_0204:4:44:6476:10369#0/2 45 0 45 0
HWI-ST183_0204:4:45:10057:62010#0/1 45 0 45 0
HWI-ST183_0204:4:45:10057:62010#0/2 44 0 44 1
HWI-ST183_0204:4:21:9477:12999#0/1 45 0 45 0
HWI-ST183_0204:4:21:9477:12999#0/2 45 0 45 0
HWI-ST183_0204:4:24:8983:155648#0/1 45 0 45 0
HWI-ST183_0204:4:24:8983:155648#0/2 45 0 45 0
HWI-ST183_0204:4:21:14468:177962#0/1 45 0 45 0
HWI-ST183_0204:4:21:14468:177962#0/2 45 0 45 0
HWI-ST183_0204:4:61:7476:103426#0/1 45 0 45 0
HWI-ST183_0204:4:61:7476:103426#0/2 45 0 45 0
HWI-ST183_0204:4:48:19068:22638#0/1 0 0 0 0
HWI-ST183_0204:4:48:19068:22638#0/2 0 0 0 0
HWI-ST183_0204:4:47:10016:86905#0/1 45 0 45 0
HWI-ST183_0204:4:47:10016:86905#0/2 45 0 45 0
HWI-ST183_0204:4:61:2924:164786#0/1 33 0 33 12
HWI-ST183_0204:4:61:2924:164786#0/2 0 0 0 0
HWI-ST183_0204:4:42:10476:49504#0/1 45 0 45 0
HWI-ST183_0204:4:42:10476:49504#0/2 44 0 44 1
HWI-ST183_0204:4:48:19885:98229#0/1 45 0 45 0
HWI-ST183_0204:4:48:19885:98229#0/2 0 0 0 0
HWI-ST183_0204:4:44:19175:50581#0/1 45 0 45 0
HWI-ST183_0204:4:44:19175:50581#0/2 45 0 45 0
HWI-ST183_0204:4:4:9623:70256#0/1 45 0 45 0
HWI-ST183_0204:4:4:9623:70256#0/2 45 0 45 0
HWI-ST183_0204:4:47:8268:15696#0/1 44 0 44 1
HWI-ST183_0204:4:47:8268:15696#0/2 45 0 45 0
HWI-ST183_0204:4:2:9714:21956#0/1 45 0 45 0
HWI-ST183_0204:4:2:9714:21956#0/2 45 0 45 0
HWI-ST183_0204:4:68:13735:197959#0/1 45 0 45 0
HWI-ST183_0204:4:68:13735:197959#0/2 0 0 0 0
HWI-ST183_0204:4:41:18810:117628#0/1 45 0 45 0
HWI-ST183_0204:4:41:18810:117628#0/2 45 0 45 0
HWI-ST183_0204:4:27:19557:48850#0/1 0 0 0 0
HWI-ST183_0204:4:27:19557:48850#0/2 0 0 0 0
HWI-ST183_0204:4:1:4590:131957#0/1 45 0 45 0
HWI-ST183_0204:4:1:4590:131957#0/2 45 0 45 0
HWI-ST183_0204:4:21:6594:144800#0/1 45 0 45 0
HWI-ST183_0204:4:21:6594:144800#0/2 45 0 45 0
HWI-ST183_0204:4:23:9599:70188#0/1 45 0 45 0
HWI-ST183_0204:4:23:9599:70188#0/2 45 0 45 0
HWI-ST183_0204:4:22:16074:134281#0/1 45 0 45 0
HWI-ST183_0204:4:22:16074:134281#0/2 45 0 45 0
HWI-ST183_0204:4:8:6510:156372#0/1 45 0 45 0
HWI-ST183_0204:4:8:6510:156372#0/2 36 0 36 9
HWI-ST183_0204:4:43:1985:112189#0/1 25 0 25 20
HWI-ST183_0204:4:43:1985:112189#0/2 0 0 0 0
HWI-ST183_0204:4:64:7619:30560#0/1 45 0 45 0
HWI-ST183_0204:4:64:7619:30560#0/2 45 0 45 0
HWI-ST183_0204:4:68:18806:136785#0/1 45 0 45 0
HWI-ST183_0204:4:68:18806:136785#0/2 0 0 0 0
HWI-ST183_0204:4:23:10421:7239#0/1 27 0 27 18
HWI-ST183_0204:4:23:10421:7239#0/2 0 0 0 0
HWI-ST183_0204:4:47:12381:51551#0/1 29 0 29 16
HWI-ST183_0204:4:47:12381:51551#0/2 39 0 39 6
HWI-ST183_0204:4:26:11749:94861#0/1 45 0 45 0
HWI-ST183_0204:4:26:11749:94861#0/2 45 0 45 0
HWI-ST183_0204:4:3:20813:72239#0/1 45 0 45 0
HWI-ST183_0204:4:3:20813:72239#0/2 45 0 45 0
HWI-ST183_0204:4:8:15613:101252#0/1 36 0 36 9
HWI-ST183_0204:4:8:15613:101252#0/2 45 0 45 0
HWI-ST183_0204:4:21:16066:195243#0/1 45 0 45 0
HWI-ST183_0204:4:21:16066:195243#0/2 45 0 45 0
HWI-ST183_0204:4:23:10041:31677#0/1 45 0 45 0
HWI-ST183_0204:4:23:10041:31677#0/2 45 0 45 0
HWI-ST183_0204:4:65:20832:104802#0/1 45 0 45 0
HWI-ST183_0204:4:65:20832:104802#0/2 45 0 45 0
HWI-ST183_0204:4:43:15663:104455#0/1 45 0 45 0
HWI-ST183_0204:4:43:15663:104455#0/2 45 0 45 0
HWI-ST183_0204:4:25:8365:47860#0/1 45 0 45 0
HWI-ST183_0204:4:25:8365:47860#0/2 45 0 45 0
HWI-ST183_0204:4:68:20850:88451#0/1 39 0 39 6
HWI-ST183_0204:4:68:20850:88451#0/2 29 0 29 16
HWI-ST183_0204:4:22:16229:85426#0/1 45 0 45 0
HWI-ST183_0204:4:22:16229:85426#0/2 45 0 45 0
HWI-ST183_0204:4:4:5306:146175#0/1 45 0 45 0
HWI-ST183_0204:4:4:5306:146175#0/2 45 0 45 0
HWI-ST183_0204:4:5:18617:90745#0/1 45 0 45 0
HWI-ST183_0204:4:5:18617:90745#0/2 45 0 45 0
HWI-ST183_0204:4:68:2427:74875#0/1 23 0 23 22
HWI-ST183_0204:4:68:2427:74875#0/2 0 0 0 0
HWI-ST183_0204:4:64:6107:28882#0/1 45 0 45 0
HWI-ST183_0204:4:64:6107:28882#0/2 45 0 45 0
HWI-ST183_0204:4:65:12903:191492#0/1 45 0 45 0
HWI-ST183_0204:4:65:12903:191492#0/2 43 0 43 2
HWI-ST183_0204:4:68:8126:46827#0/1 44 0 44 1
HWI-ST183_0204:4:68:8126:46827#0/2 45 0 45 0
HWI-ST183_0204:4:1:14378:65731#0/1 45 0 45 0
HWI-ST183_0204:4:1:14378:65731#0/2 45 0 45 0
HWI-ST183_0204:4:21:13531:158272#0/1 45 0 45 0
HWI-ST183_0204:4:21:13531:158272#0/2 44 0 44 1
HWI-ST183_0204:4:5:11998:99651#0/1 28 0 28 17
HWI-ST183_0204:4:5:11998:99651#0/2 0 0 0 0
HWI-ST183_0204:4:22:7832:70309#0/1 45 0 45 0
HWI-ST183_0204:4:22:7832:70309#0/2 45 0 45 0
HWI-ST183_0204:4:61:20175:181574#0/1 45 0 45 0
HWI-ST183_0204:4:61:20175:181574#0/2 38 0 38 7
HWI-ST183_0204:4:62:12668:143074#0/1 45 0 45 0
HWI-ST183_0204:4:62:12668:143074#0/2 26 0 26 19
HWI-ST183_0204:4:27:2546:182017#0/1 33 0 33 12
HWI-ST183_0204:4:27:2546:182017#0/2 45 0 45 0
HWI-ST183_0204:4:68:16448:121660#0/1 45 0 45 0
HWI-ST183_0204:4:68:16448:121660#0/2 34 0 34 11
HWI-ST183_0204:4:26:1320:76018#0/1 44 0 44 1
HWI-ST183_0204:4:26:1320:76018#0/2 34 0 34 11
HWI-ST183_0204:4:1:5124:147446#0/1 0 0 0 0
HWI-ST183_0204:4:1:5124:147446#0/2 39 0 39 6
HWI-ST183_0204:4:25:14611:167261#0/1 45 0 45 0
HWI-ST183_0204:4:25:14611:167261#0/2 45 0 45 0
HWI-ST183_0204:4:46:8488:115099#0/1 20 0 20 25
HWI-ST183_0204:4:46:8488:115099#0/2 0 0 0 0
HWI-ST183_0204:4:43:12967:5761#0/1 45 0 45 0
HWI-ST183_0204:4:43:12967:5761#0/2 45 0 45 0
HWI-ST183_0204:4:65:11211:187315#0/1 33 0 33 12
HWI-ST183_0204:4:65:11211:187315#0/2 0 0 0 0
HWI-ST183_0204:4:66:10042:124638#0/1 45 0 45 0
HWI-ST183_0204:4:66:10042:124638#0/2 45 0 45 0
HWI-ST183_0204:4:64:8413:64162#0/1 45 0 45 0
HWI-ST183_0204:4:64:8413:64162#0/2 45 0 45 0
HWI-ST183_0204:4:25:3980:184145#0/1 45 0 45 0
HWI-ST183_0204:4:25:3980:184145#0/2 40 0 40 5
HWI-ST183_0204:4:65:6257:141252#0/1 45 0 45 0
HWI-ST183_0204:4:65:6257:141252#0/2 45 0 45 0
HWI-ST183_0204:4:3:14246:184094#0/1 45 0 45 0
HWI-ST183_0204:4:3:14246:184094#0/2 40 0 40 5
HWI-ST183_0204:4:2:17571:124925#0/1 45 0 45 0
HWI-ST183_0204:4:2:17571:124925#0/2 45 0 45 0
HWI-ST183_0204:4:46:20152:58555#0/1 45 0 45 0
HWI-ST183_0204:4:46:20152:58555#0/2 0 0 0 0
HWI-ST183_0204:4:3:21074:45804#0/1 38 0 38 7
HWI-ST183_0204:4:3:21074:45804#0/2 21 0 21 24
HWI-ST183_0204:4:42:14377:199905#0/1 45 0 45 0
HWI-ST183_0204:4:42:14377:199905#0/2 34 0 34 11
HWI-ST183_0204:4:41:15570:134764#0/1 45 0 45 0
HWI-ST183_0204:4:41:15570:134764#0/2 45 0 45 0
HWI-ST183_0204:4:43:14945:183883#0/1 45 0 45 0
HWI-ST183_0204:4:43:14945:183883#0/2 0 0 0 0
HWI-ST183_0204:4:5:9220:67691#0/1 45 0 45 0
HWI-ST183_0204:4:5:9220:67691#0/2 45 0 45 0
HWI-ST183_0204:4:63:16029:135324#0/1 45 0 45 0
HWI-ST183_0204:4:63:16029:135324#0/2 45 0 45 0
HWI-ST183_0204:4:41:6408:120556#0/1 45 0 45 0
HWI-ST183_0204:4:41:6408:120556#0/2 45 0 45 0
HWI-ST183_0204:4:41:12246:97531#0/1 45 0 45 0
HWI-ST183_0204:4:41:12246:97531#0/2 45 0 45 0
HWI-ST183_0204:4:27:19642:159684#0/1 27 0 27 18
HWI-ST183_0204:4:27:19642:159684#0/2 0 0 0 0
HWI-ST183_0204:4:45:20039:114597#0/1 45 0 45 0
HWI-ST183_0204:4:45:20039:114597#0/2 45 0 45 0
HWI-ST183_0204:4:46:2508:171752#0/1 26 0 26 19
HWI-ST183_0204:4:46:2508:171752#0/2 0 0 0 0
HWI-ST183_0204:4:62:12725:191467#0/1 45 0 45 0
HWI-ST183_0204:4:62:12725:191467#0/2 45 0 45 0
HWI-ST183_0204:4:5:8737:170219#0/1 45 0 45 0
HWI-ST183_0204:4:5:8737:170219#0/2 45 0 45 0
HWI-ST183_0204:4:1:12005:67448#0/1 45 0 45 0
HWI-ST183_0204:4:1:12005:67448#0/2 45 0 45 0
HWI-ST183_0204:4:23:6846:107902#0/1 45 0 45 0
HWI-ST183_0204:4:23:6846:107902#0/2 45 0 45 0
HWI-ST183_0204:4:26:18790:92725#0/1 45 0 45 0
HWI-ST183_0204:4:26:18790:92725#0/2 45 0 45 0
HWI-ST183_0204:4:64:5482:78831#0/1 45 0 45 0
HWI-ST183_0204:4:64:5482:78831#0/2 39 0 39 6
HWI-ST183_0204:4:46:20225:194851#0/1 45 0 45 0
HWI-ST183_0204:4:46:20225:194851#0/2 45 0 45 0
HWI-ST183_0204:4:4:9014:127825#0/1 21 0 21 24
HWI-ST183_0204:4:4:9014:127825#0/2 0 0 0 0
HWI-ST183_0204:4:64:1535:131785#0/1 45 0 45 0
HWI-ST183_0204:4:64:1535:131785#0/2 45 0 45 0
HWI-ST183_0204:4:45:12247:173244#0/1 45 0 45 0
HWI-ST183_0204:4:45:12247:173244#0/2 45 0 45 0
HWI-ST183_0204:4:6:5369:107766#0/1 45 0 45 0
HWI-ST183_0204:4:6:5369:107766#0/2 45 0 45 0
HWI-ST183_0204:4:68:20843:34549#0/1 34 0 34 11
HWI-ST183_0204:4:68:20843:34549#0/2 24 0 24 21
HWI-ST183_0204:4:62:21268:90424#0/1 45 0 45 0
HWI-ST183_0204:4:62:21268:90424#0/2 23 0 23 22
HWI-ST183_0204:4:45:20947:129881#0/1 45 0 45 0
HWI-ST183_0204:4:45:20947:129881#0/2 45 0 45 0
HWI-ST183_0204:4:44:11836:81601#0/1 45 0 45 0
HWI-ST183_0204:4:44:11836:81601#0/2 45 0 45 0
HWI-ST183_0204:4:4:17769:75486#0/1 45 0 45 0
HWI-ST183_0204:4:4:17769:75486#0/2 45 0 45 0
HWI-ST183_0204:4:46:7060:103165#0/1 45 0 45 0
HWI-ST183_0204:4:46:7060:103165#0/2 45 0 45 0
HWI-ST183_0204:4:66:4805:182088#0/1 45 0 45 0
HWI-ST183_0204:4:66:4805:182088#0/2 45 0 45 0
HWI-ST183_0204:4:23:5366:2887#0/1 45 0 45 0
HWI-ST183_0204:4:23:5366:2887#0/2 45 0 45 0
HWI-ST183_0204:4:21:3851:5907#0/1 45 0 45 0
HWI-ST183_0204:4:21:3851:5907#0/2 44 0 44 1
HWI-ST183_0204:4:45:7228:16646#0/1 45 0 45 0
HWI-ST183_0204:4:45:7228:16646#0/2 45 0 45 0
HWI-ST183_0204:4:42:1369:129207#0/1 45 0 45 0
HWI-ST183_0204:4:42:1369:129207#0/2 45 0 45 0
HWI-ST183_0204:4:22:9285:37153#0/1 45 0 45 0
HWI-ST183_0204:4:22:9285:37153#0/2 26 0 26 19
HWI-ST183_0204:4:1:16980:63106#0/1 45 0 45 0
HWI-ST183_0204:4:1:16980:63106#0/2 33 0 33 12
HWI-ST183_0204:4:65:10226:115374#0/1 45 0 45 0
HWI-ST183_0204:4:65:10226:115374#0/2 0 0 0 0
HWI-ST183_0204:4:44:3026:20591#0/1 23 0 23 22
HWI-ST183_0204:4:44:3026:20591#0/2 34 0 34 11
HWI-ST183_0204:4:5:3794:22688#0/1 39 0 39 6
HWI-ST183_0204:4:5:3794:22688#0/2 45 0 45 0
HWI-ST183_0204:4:44:13078:81062#0/1 45 0 45 0
HWI-ST183_0204:4:44:13078:81062#0/2 23 0 23 22
HWI-ST183_0204:4:6:18231:22688#0/1 45 0 45 0
HWI-ST183_0204:4:6:18231:22688#0/2 45 0 45 0
HWI-ST183_0204:4:23:8439:58500#0/1 45 0 45 0
HWI-ST183_0204:4:23:8439:58500#0/2 45 0 45 0
HWI-ST183_0204:4:22:11311:4621#0/1 45 0 45 0
HWI-ST183_0204:4:22:11311:4621#0/2 45 0 45 0
HWI-ST183_0204:4:25:17681:72021#0/1 45 0 45 0
HWI-ST183_0204:4:25:17681:72021#0/2 45 0 45 0
HWI-ST183_0204:4:68:13289:114938#0/1 45 0 45 0
HWI-ST183_0204:4:68:13289:114938#0/2 45 0 45 0
HWI-ST183_0204:4:23:6340:27783#0/1 45 0 45 0
HWI-ST183_0204:4:23:6340:27783#0/2 45 0 45 0
HWI-ST183_0204:4:45:5513:43214#0/1 45 0 45 0
HWI-ST183_0204:4:45:5513:43214#0/2 45 0 45 0
HWI-ST183_0204:4:68:2897:159444#0/1 23 0 23 22
HWI-ST183_0204:4:68:2897:159444#0/2 0 0 0 0
HWI-ST183_0204:4:6:7698:11956#0/1 45 0 45 0
HWI-ST183_0204:4:6:7698:11956#0/2 45 0 45 0
HWI-ST183_0204:4:65:6464:2531#0/1 45 0 45 0
HWI-ST183_0204:4:65:6464:2531#0/2 45 0 45 0
HWI-ST183_0204:4:48:4259:102464#0/1 0 0 0 0
HWI-ST183_0204:4:48:4259:102464#0/2 0 0 0 0
HWI-ST183_0204:4:48:20219:58315#0/1 45 0 45 0
HWI-ST183_0204:4:48:20219:58315#0/2 0 0 0 0
HWI-ST183_0204:4:26:17031:3145#0/1 39 0 39 6
HWI-ST183_0204:4:26:17031:3145#0/2 27 0 27 18
HWI-ST183_0204:4:41:3096:74957#0/1 20 0 20 25
HWI-ST183_0204:4:41:3096:74957#0/2 23 0 23 22
HWI-ST183_0204:4:45:4662:174005#0/1 45 0 45 0
HWI-ST183_0204:4:45:4662:174005#0/2 33 0 33 12
HWI-ST183_0204:4:21:12796:27157#0/1 45 0 45 0
HWI-ST183_0204:4:21:12796:27157#0/2 45 0 45 0
HWI-ST183_0204:4:3:20381:23621#0/1 45 0 45 0
HWI-ST183_0204:4:3:20381:23621#0/2 29 0 29 16
HWI-ST183_0204:4:42:4861:97899#0/1 32 0 32 13
HWI-ST183_0204:4:42:4861:97899#0/2 45 0 45 0
HWI-ST183_0204:4:4:7437:50740#0/1 38 0 38 7
HWI-ST183_0204:4:4:7437:50740#0/2 32 0 32 13
HWI-ST183_0204:4:3:5598:143133#0/1 45 0 45 0
HWI-ST183_0204:4:3:5598:143133#0/2 0 0 0 0
HWI-ST183_0204:4:6:6844:114263#0/1 45 0 45 0
HWI-ST183_0204:4:6:6844:114263#0/2 39 0 39 6
HWI-ST183_0204:4:61:11079:127015#0/1 45 0 45 0
HWI-ST183_0204:4:61:11079:127015#0/2 45 0 45 0
HWI-ST183_0204:4:45:8417:176133#0/1 45 0 45 0
HWI-ST183_0204:4:45:8417:176133#0/2 45 0 45 0
HWI-ST183_0204:4:21:16514:77843#0/1 45 0 45 0
HWI-ST183_0204:4:21:16514:77843#0/2 44 0 44 1
HWI-ST183_0204:4:68:9096:24678#0/1 45 0 45 0
HWI-ST183_0204:4:68:9096:24678#0/2 45 0 45 0
HWI-ST183_0204:4:24:20702:101194#0/1 45 0 45 0
HWI-ST183_0204:4:24:20702:101194#0/2 37 0 37 8
HWI-ST183_0204:4:41:6418:106728#0/1 45 0 45 0
HWI-ST183_0204:4:41:6418:106728#0/2 39 0 39 6
HWI-ST183_0204:4:42:16867:104309#0/1 45 0 45 0
HWI-ST183_0204:4:42:16867:104309#0/2 45 0 45 0
HWI-ST183_0204:4:4:19750:24320#0/1 45 0 45 0
HWI-ST183_0204:4:4:19750:24320#0/2 45 0 45 0
HWI-ST183_0204:4:4:8648:92872#0/1 45 0 45 0
HWI-ST183_0204:4:4:8648:92872#0/2 45 0 45 0
HWI-ST183_0204:4:48:20717:13065#0/1 45 0 45 0
HWI-ST183_0204:4:48:20717:13065#0/2 0 0 0 0
HWI-ST183_0204:4:3:19776:182640#0/1 45 0 45 0
HWI-ST183_0204:4:3:19776:182640#0/2 45 0 45 0
HWI-ST183_0204:4:21:17701:175373#0/1 45 0 45 0
HWI-ST183_0204:4:21:17701:175373#0/2 45 0 45 0
HWI-ST183_0204:4:68:10214:106672#0/1 39 0 39 6
HWI-ST183_0204:4:68:10214:106672#0/2 0 0 0 0
HWI-ST183_0204:4:65:12613:120213#0/1 45 0 45 0
HWI-ST183_0204:4:65:12613:120213#0/2 45 0 45 0
HWI-ST183_0204:4:64:5233:94717#0/1 45 0 45 0
HWI-ST183_0204:4:64:5233:94717#0/2 45 0 45 0
HWI-ST183_0204:4:61:20404:97585#0/1 45 0 45 0
HWI-ST183_0204:4:61:20404:97585#0/2 39 0 39 6
HWI-ST183_0204:4:27:3316:59961#0/1 45 0 45 0
HWI-ST183_0204:4:27:3316:59961#0/2 34 0 34 11
HWI-ST183_0204:4:1:12612:89975#0/1 45 0 45 0
HWI-ST183_0204:4:1:12612:89975#0/2 45 0 45 0
HWI-ST183_0204:4:61:11659:150542#0/1 45 0 45 0
HWI-ST183_0204:4:61:11659:150542#0/2 45 0 45 0
HWI-ST183_0204:4:61:10161:198220#0/1 45 0 45 0
HWI-ST183_0204:4:61:10161:198220#0/2 45 0 45 0
HWI-ST183_0204:4:26:11472:98495#0/1 41 0 41 4
HWI-ST183_0204:4:26:11472:98495#0/2 0 0 0 0
HWI-ST183_0204:4:41:11968:81650#0/1 45 0 45 0
HWI-ST183_0204:4:41:11968:81650#0/2 0 0 0 0
HWI-ST183_0204:4:3:3968:171333#0/1 45 0 45 0
HWI-ST183_0204:4:3:3968:171333#0/2 39 0 39 6
HWI-ST183_0204:4:61:1186:116596#0/1 45 0 45 0
HWI-ST183_0204:4:61:1186:116596#0/2 45 0 45 0
HWI-ST183_0204:4:3:21073:43754#0/1 45 0 45 0
HWI-ST183_0204:4:3:21073:43754#0/2 45 0 45 0
HWI-ST183_0204:4:41:16300:178661#0/1 45 0 45 0
HWI-ST183_0204:4:41:16300:178661#0/2 38 0 38 7
HWI-ST183_0204:4:3:20130:28971#0/1 45 0 45 0
HWI-ST183_0204:4:3:20130:28971#0/2 45 0 45 0
HWI-ST183_0204:4:22:20520:126051#0/1 0 0 0 0
HWI-ST183_0204:4:22:20520:126051#0/2 0 0 0 0
HWI-ST183_0204:4:46:12555:156013#0/1 45 0 45 0
HWI-ST183_0204:4:46:12555:156013#0/2 0 0 0 0
HWI-ST183_0204:4:6:7105:189728#0/1 45 0 45 0
HWI-ST183_0204:4:6:7105:189728#0/2 39 0 39 6
HWI-ST183_0204:4:22:8146:166061#0/1 44 0 44 1
HWI-ST183_0204:4:22:8146:166061#0/2 45 0 45 0
HWI-ST183_0204:4:1:10371:95904#0/1 45 0 45 0
HWI-ST183_0204:4:1:10371:95904#0/2 45 0 45 0
HWI-ST183_0204:4:25:11117:128079#0/1 0 0 0 0
HWI-ST183_0204:4:25:11117:128079#0/2 0 0 0 0
HWI-ST183_0204:4:21:4942:59847#0/1 45 0 45 0
HWI-ST183_0204:4:21:4942:59847#0/2 45 0 45 0
HWI-ST183_0204:4:67:13643:132901#0/1 43 0 43 2
HWI-ST183_0204:4:67:13643:132901#0/2 45 0 45 0
HWI-ST183_0204:4:63:7302:149682#0/1 45 0 45 0
HWI-ST183_0204:4:63:7302:149682#0/2 45 0 45 0
HWI-ST183_0204:4:2:5857:36285#0/1 45 0 45 0
HWI-ST183_0204:4:2:5857:36285#0/2 45 0 45 0
HWI-ST183_0204:4:2:17103:116691#0/1 45 0 45 0
HWI-ST183_0204:4:2:17103:116691#0/2 45 0 45 0
HWI-ST183_0204:4:68:5533:2787#0/1 45 0 45 0
HWI-ST183_0204:4:68:5533:2787#0/2 29 0 29 16
HWI-ST183_0204:4:64:8398:44875#0/1 45 0 45 0
HWI-ST183_0204:4:64:8398:44875#0/2 45 0 45 0
HWI-ST183_0204:4:67:10813:117406#0/1 45 0 45 0
HWI-ST183_0204:4:67:10813:117406#0/2 45 0 45 0
HWI-ST183_0204:4:3:5102:128051#0/1 45 0 45 0
HWI-ST183_0204:4:3:5102:128051#0/2 45 0 45 0
HWI-ST183_0204:4:5:16146:57431#0/1 45 0 45 0
HWI-ST183_0204:4:5:16146:57431#0/2 45 0 45 0
HWI-ST183_0204:4:41:11926:168117#0/1 27 0 27 18
HWI-ST183_0204:4:41:11926:168117#0/2 0 0 0 0
HWI-ST183_0204:4:68:10513:34897#0/1 45 0 45 0
HWI-ST183_0204:4:68:10513:34897#0/2 0 0 0 0
HWI-ST183_0204:4:61:5062:30787#0/1 21 0 21 24
HWI-ST183_0204:4:61:5062:30787#0/2 45 0 45 0
HWI-ST183_0204:4:24:8626:199354#0/1 45 0 45 0
HWI-ST183_0204:4:24:8626:199354#0/2 45 0 45 0
HWI-ST183_0204:4:65:14515:26520#0/1 45 0 45 0
HWI-ST183_0204:4:65:14515:26520#0/2 45 0 45 0
HWI-ST183_0204:4:65:12739:2386#0/1 34 0 34 11
HWI-ST183_0204:4:65:12739:2386#0/2 45 0 45 0
HWI-ST183_0204:4:4:12893:26115#0/1 45 0 45 0
HWI-ST183_0204:4:4:12893:26115#0/2 45 0 45 0
HWI-ST183_0204:4:63:14533:153691#0/1 45 0 45 0
HWI-ST183_0204:4:63:14533:153691#0/2 45 0 45 0
HWI-ST183_0204:4:45:6286:37073#0/1 45 0 45 0
HWI-ST183_0204:4:45:6286:37073#0/2 45 0 45 0
HWI-ST183_0204:4:65:14394:177156#0/1 45 0 45 0
HWI-ST183_0204:4:65:14394:177156#0/2 45 0 45 0
HWI-ST183_0204:4:63:20702:102021#0/1 45 0 45 0
HWI-ST183_0204:4:63:20702:102021#0/2 38 0 38 7
HWI-ST183_0204:4:8:5636:107260#0/1 37 0 37 8
HWI-ST183_0204:4:8:5636:107260#0/2 0 0 0 0
HWI-ST183_0204:4:25:15364:88624#0/1 45 0 45 0
HWI-ST183_0204:4:25:15364:88624#0/2 45 0 45 0
HWI-ST183_0204:4:44:20986:54345#0/1 45 0 45 0
HWI-ST183_0204:4:44:20986:54345#0/2 45 0 45 0
HWI-ST183_0204:4:22:17753:192008#0/1 45 0 45 0
HWI-ST183_0204:4:22:17753:192008#0/2 45 0 45 0
HWI-ST183_0204:4:41:6078:38089#0/1 45 0 45 0
HWI-ST183_0204:4:41:6078:38089#0/2 38 0 38 7
HWI-ST183_0204:4:24:8317:22348#0/1 45 0 45 0
HWI-ST183_0204:4:24:8317:22348#0/2 45 0 45 0
HWI-ST183_0204:4:26:4811:171919#0/1 45 0 45 0
HWI-ST183_0204:4:26:4811:171919#0/2 45 0 45 0
HWI-ST183_0204:4:23:7349:191487#0/1 45 0 45 0
HWI-ST183_0204:4:23:7349:191487#0/2 45 0 45 0
HWI-ST183_0204:4:1:9381:179841#0/1 45 0 45 0
HWI-ST183_0204:4:1:9381:179841#0/2 45 0 45 0
HWI-ST183_0204:4:5:3644:146070#0/1 45 0 45 0
HWI-ST183_0204:4:5:3644:146070#0/2 0 0 0 0
HWI-ST183_0204:4:8:20260:9679#0/1 45 0 45 0
HWI-ST183_0204:4:8:20260:9679#0/2 0 0 0 0
HWI-ST183_0204:4:25:3052:76016#0/1 45 0 45 0
HWI-ST183_0204:4:25:3052:76016#0/2 45 0 45 0
HWI-ST183_0204:4:2:9946:137775#0/1 45 0 45 0
HWI-ST183_0204:4:2:9946:137775#0/2 45 0 45 0
HWI-ST183_0204:4:22:11545:174928#0/1 45 0 45 0
HWI-ST183_0204:4:22:11545:174928#0/2 45 0 45 0
HWI-ST183_0204:4:21:5128:180962#0/1 45 0 45 0
HWI-ST183_0204:4:21:5128:180962#0/2 45 0 45 0
HWI-ST183_0204:4:65:19241:196532#0/1 39 0 39 6
HWI-ST183_0204:4:65:19241:196532#0/2 45 0 45 0
HWI-ST183_0204:4:27:16568:90814#0/1 45 0 45 0
HWI-ST183_0204:4:27:16568:90814#0/2 45 0 45 0
HWI-ST183_0204:4:67:8529:46351#0/1 45 0 45 0
HWI-ST183_0204:4:67:8529:46351#0/2 45 0 45 0
HWI-ST183_0204:4:3:17458:13345#0/1 21 0 21 24
HWI-ST183_0204:4:3:17458:13345#0/2 45 0 45 0
HWI-ST183_0204:4:24:8718:30042#0/1 45 0 45 0
HWI-ST183_0204:4:24:8718:30042#0/2 45 0 45 0
HWI-ST183_0204:4:45:13739:123331#0/1 45 0 45 0
HWI-ST183_0204:4:45:13739:123331#0/2 45 0 45 0
HWI-ST183_0204:4:47:7910:77849#0/1 45 0 45 0
HWI-ST183_0204:4:47:7910:77849#0/2 45 0 45 0
HWI-ST183_0204:4:21:8748:200456#0/1 45 0 45 0
HWI-ST183_0204:4:21:8748:200456#0/2 45 0 45 0
HWI-ST183_0204:4:46:18306:10746#0/1 45 0 45 0
HWI-ST183_0204:4:46:18306:10746#0/2 39 0 39 6
HWI-ST183_0204:4:63:2197:150659#0/1 45 0 45 0
HWI-ST183_0204:4:63:2197:150659#0/2 41 0 41 4
HWI-ST183_0204:4:45:9748:45843#0/1 45 0 45 0
HWI-ST183_0204:4:45:9748:45843#0/2 45 0 45 0
HWI-ST183_0204:4:66:11803:12376#0/1 45 0 45 0
HWI-ST183_0204:4:66:11803:12376#0/2 45 0 45 0
HWI-ST183_0204:4:6:11462:19472#0/1 45 0 45 0
HWI-ST183_0204:4:6:11462:19472#0/2 34 0 34 11
HWI-ST183_0204:4:67:3448:120150#0/1 45 0 45 0
HWI-ST183_0204:4:67:3448:120150#0/2 45 0 45 0
HWI-ST183_0204:4:63:6035:173219#0/1 45 0 45 0
HWI-ST183_0204:4:63:6035:173219#0/2 45 0 45 0
HWI-ST183_0204:4:4:9759:133640#0/1 45 0 45 0
HWI-ST183_0204:4:4:9759:133640#0/2 45 0 45 0
HWI-ST183_0204:4:21:1211:21509#0/1 45 0 45 0
HWI-ST183_0204:4:21:1211:21509#0/2 45 0 45 0
HWI-ST183_0204:4:22:19389:142119#0/1 45 0 45 0
HWI-ST183_0204:4:22:19389:142119#0/2 45 0 45 0
HWI-ST183_0204:4:67:16169:132636#0/1 45 0 45 0
HWI-ST183_0204:4:67:16169:132636#0/2 45 0 45 0
HWI-ST183_0204:4:47:16574:38731#0/1 45 0 45 0
HWI-ST183_0204:4:47:16574:38731#0/2 45 0 45 0
HWI-ST183_0204:4:62:15809:169483#0/1 45 0 45 0
HWI-ST183_0204:4:62:15809:169483#0/2 45 0 45 0
HWI-ST183_0204:4:61:14707:101786#0/1 45 0 45 0
HWI-ST183_0204:4:61:14707:101786#0/2 45 0 45 0
HWI-ST183_0204:4:5:7685:45066#0/1 37 0 37 8
HWI-ST183_0204:4:5:7685:45066#0/2 45 0 45 0
HWI-ST183_0204:4:25:14486:8729#0/1 45 0 45 0
HWI-ST183_0204:4:25:14486:8729#0/2 45 0 45 0
HWI-ST183_0204:4:6:17387:119672#0/1 45 0 45 0
HWI-ST183_0204:4:6:17387:119672#0/2 45 0 45 0
HWI-ST183_0204:4:6:8534:68408#0/1 45 0 45 0
HWI-ST183_0204:4:6:8534:68408#0/2 23 0 23 22
HWI-ST183_0204:4:5:16032:93916#0/1 45 0 45 0
HWI-ST183_0204:4:5:16032:93916#0/2 45 0 45 0
HWI-ST183_0204:4:43:17284:166076#0/1 45 0 45 0
HWI-ST183_0204:4:43:17284:166076#0/2 45 0 45 0
HWI-ST183_0204:4:42:14201:120921#0/1 45 0 45 0
HWI-ST183_0204:4:42:14201:120921#0/2 45 0 45 0
HWI-ST183_0204:4:62:20172:42280#0/1 33 0 33 12
HWI-ST183_0204:4:62:20172:42280#0/2 0 0 0 0
HWI-ST183_0204:4:41:13411:43142#0/1 45 0 45 0
HWI-ST183_0204:4:41:13411:43142#0/2 45 0 45 0
HWI-ST183_0204:4:61:16487:18426#0/1 33 0 33 12
HWI-ST183_0204:4:61:16487:18426#0/2 24 0 24 21
HWI-ST183_0204:4:24:4982:169765#0/1 29 0 29 16
HWI-ST183_0204:4:24:4982:169765#0/2 45 0 45 0
HWI-ST183_0204:4:1:15323:141760#0/1 45 0 45 0
HWI-ST183_0204:4:1:15323:141760#0/2 45 0 45 0
HWI-ST183_0204:4:41:6261:66880#0/1 45 0 45 0
HWI-ST183_0204:4:41:6261:66880#0/2 40 0 40 5
HWI-ST183_0204:4:24:19561:49300#0/1 0 0 0 0
HWI-ST183_0204:4:24:19561:49300#0/2 22 0 22 23
HWI-ST183_0204:4:63:6602:104713#0/1 45 0 45 0
HWI-ST183_0204:4:63:6602:104713#0/2 45 0 45 0
HWI-ST183_0204:4:67:6603:24326#0/1 45 0 45 0
HWI-ST183_0204:4:67:6603:24326#0/2 45 0 45 0
HWI-ST183_0204:4:23:18838:125053#0/1 45 0 45 0
HWI-ST183_0204:4:23:18838:125053#0/2 45 0 45 0
HWI-ST183_0204:4:21:6229:3299#0/1 45 0 45 0
HWI-ST183_0204:4:21:6229:3299#0/2 45 0 45 0
HWI-ST183_0204:4:68:12885:9900#0/1 45 0 45 0
HWI-ST183_0204:4:68:12885:9900#0/2 0 0 0 0
HWI-ST183_0204:4:62:9258:147517#0/1 45 0 45 0
HWI-ST183_0204:4:62:9258:147517#0/2 45 0 45 0
HWI-ST183_0204:4:62:7855:33502#0/1 45 0 45 0
HWI-ST183_0204:4:62:7855:33502#0/2 45 0 45 0
HWI-ST183_0204:4:3:2671:39535#0/1 37 0 37 8
HWI-ST183_0204:4:3:2671:39535#0/2 24 0 24 21
HWI-ST183_0204:4:8:11647:189967#0/1 0 0 0 0
HWI-ST183_0204:4:8:11647:189967#0/2 41 0 41 4
HWI-ST183_0204:4:26:12134:181948#0/1 45 0 45 0
HWI-ST183_0204:4:26:12134:181948#0/2 45 0 45 0
HWI-ST183_0204:4:1:3339:77429#0/1 45 0 45 0
HWI-ST183_0204:4:1:3339:77429#0/2 45 0 45 0
HWI-ST183_0204:4:63:11595:38949#0/1 45 0 45 0
HWI-ST183_0204:4:63:11595:38949#0/2 45 0 45 0
HWI-ST183_0204:4:23:7190:196758#0/1 44 0 44 1
HWI-ST183_0204:4:23:7190:196758#0/2 45 0 45 0
HWI-ST183_0204:4:64:9821:76030#0/1 45 0 45 0
HWI-ST183_0204:4:64:9821:76030#0/2 0 0 0 0
HWI-ST183_0204:4:4:10389:103571#0/1 42 0 42 3
HWI-ST183_0204:4:4:10389:103571#0/2 45 0 45 0
HWI-ST183_0204:4:48:15919:23353#0/1 45 0 45 0
HWI-ST183_0204:4:48:15919:23353#0/2 0 0 0 0
HWI-ST183_0204:4:64:14041:199916#0/1 45 0 45 0
HWI-ST183_0204:4:64:14041:199916#0/2 44 0 44 1
HWI-ST183_0204:4:23:4643:194358#0/1 45 0 45 0
HWI-ST183_0204:4:23:4643:194358#0/2 45 0 45 0
HWI-ST183_0204:4:23:3206:113473#0/1 45 0 45 0
HWI-ST183_0204:4:23:3206:113473#0/2 45 0 45 0
HWI-ST183_0204:4:44:15749:20711#0/1 45 0 45 0
HWI-ST183_0204:4:44:15749:20711#0/2 45 0 45 0
HWI-ST183_0204:4:44:13189:59925#0/1 45 0 45 0
HWI-ST183_0204:4:44:13189:59925#0/2 45 0 45 0
HWI-ST183_0204:4:41:20576:16318#0/1 45 0 45 0
HWI-ST183_0204:4:41:20576:16318#0/2 28 0 28 17
HWI-ST183_0204:4:26:2718:101167#0/1 33 0 33 12
HWI-ST183_0204:4:26:2718:101167#0/2 0 0 0 0
HWI-ST183_0204:4:64:8869:19335#0/1 45 0 45 0
HWI-ST183_0204:4:64:8869:19335#0/2 45 0 45 0
HWI-ST183_0204:4:42:3493:181736#0/1 45 0 45 0
HWI-ST183_0204:4:42:3493:181736#0/2 39 0 39 6
HWI-ST183_0204:4:5:9827:51168#0/1 37 0 37 8
HWI-ST183_0204:4:5:9827:51168#0/2 45 0 45 0
HWI-ST183_0204:4:46:19981:55703#0/1 28 0 28 17
HWI-ST183_0204:4:46:19981:55703#0/2 45 0 45 0
HWI-ST183_0204:4:22:12385:19126#0/1 45 0 45 0
HWI-ST183_0204:4:22:12385:19126#0/2 45 0 45 0
HWI-ST183_0204:4:41:6816:139691#0/1 45 0 45 0
HWI-ST183_0204:4:41:6816:139691#0/2 32 0 32 13
HWI-ST183_0204:4:21:16528:169489#0/1 45 0 45 0
HWI-ST183_0204:4:21:16528:169489#0/2 36 0 36 9
HWI-ST183_0204:4:24:18630:73239#0/1 45 0 45 0
HWI-ST183_0204:4:24:18630:73239#0/2 45 0 45 0
HWI-ST183_0204:4:48:15039:15495#0/1 45 0 45 0
HWI-ST183_0204:4:48:15039:15495#0/2 0 0 0 0
HWI-ST183_0204:4:63:4121:158780#0/1 45 0 45 0
HWI-ST183_0204:4:63:4121:158780#0/2 45 0 45 0
HWI-ST183_0204:4:62:8565:57945#0/1 45 0 45 0
HWI-ST183_0204:4:62:8565:57945#0/2 45 0 45 0
HWI-ST183_0204:4:48:11315:154704#0/1 45 0 45 0
HWI-ST183_0204:4:48:11315:154704#0/2 0 0 0 0
HWI-ST183_0204:4:44:9791:90576#0/1 45 0 45 0
HWI-ST183_0204:4:44:9791:90576#0/2 0 0 0 0
HWI-ST183_0204:4:25:18779:187450#0/1 45 0 45 0
HWI-ST183_0204:4:25:18779:187450#0/2 0 0 0 0
HWI-ST183_0204:4:22:20494:111052#0/1 45 0 45 0
HWI-ST183_0204:4:22:20494:111052#0/2 45 0 45 0
HWI-ST183_0204:4:26:7945:200001#0/1 45 0 45 0
HWI-ST183_0204:4:26:7945:200001#0/2 45 0 45 0
HWI-ST183_0204:4:67:9939:29736#0/1 45 0 45 0
HWI-ST183_0204:4:67:9939:29736#0/2 45 0 45 0
HWI-ST183_0204:4:42:16094:193492#0/1 45 0 45 0
HWI-ST183_0204:4:42:16094:193492#0/2 45 0 45 0
HWI-ST183_0204:4:47:15469:59279#0/1 45 0 45 0
HWI-ST183_0204:4:47:15469:59279#0/2 45 0 45 0
HWI-ST183_0204:4:47:18122:148958#0/1 45 0 45 0
HWI-ST183_0204:4:47:18122:148958#0/2 45 0 45 0
HWI-ST183_0204:4:48:14395:82078#0/1 45 0 45 0
HWI-ST183_0204:4:48:14395:82078#0/2 0 0 0 0
HWI-ST183_0204:4:47:7180:181513#0/1 45 0 45 0
HWI-ST183_0204:4:47:7180:181513#0/2 34 0 34 11
HWI-ST183_0204:4:25:16596:128755#0/1 45 0 45 0
HWI-ST183_0204:4:25:16596:128755#0/2 45 0 45 0
HWI-ST183_0204:4:24:8174:82502#0/1 45 0 45 0
HWI-ST183_0204:4:24:8174:82502#0/2 45 0 45 0
HWI-ST183_0204:4:65:12590:166784#0/1 45 0 45 0
HWI-ST183_0204:4:65:12590:166784#0/2 45 0 45 0
HWI-ST183_0204:4:47:14537:139135#0/1 45 0 45 0
HWI-ST183_0204:4:47:14537:139135#0/2 45 0 45 0
HWI-ST183_0204:4:1:19229:163814#0/1 24 0 24 21
HWI-ST183_0204:4:1:19229:163814#0/2 0 0 0 0
HWI-ST183_0204:4:24:16248:103413#0/1 45 0 45 0
HWI-ST183_0204:4:24:16248:103413#0/2 45 0 45 0
HWI-ST183_0204:4:45:7591:118384#0/1 45 0 45 0
HWI-ST183_0204:4:45:7591:118384#0/2 0 0 0 0
HWI-ST183_0204:4:43:17257:95950#0/1 45 0 45 0
HWI-ST183_0204:4:43:17257:95950#0/2 45 0 45 0
HWI-ST183_0204:4:68:18740:74937#0/1 32 0 32 13
HWI-ST183_0204:4:68:18740:74937#0/2 40 0 40 5
HWI-ST183_0204:4:1:7710:40155#0/1 45 0 45 0
HWI-ST183_0204:4:1:7710:40155#0/2 44 0 44 1
HWI-ST183_0204:4:64:19242:4397#0/1 45 0 45 0
HWI-ST183_0204:4:64:19242:4397#0/2 45 0 45 0
HWI-ST183_0204:4:23:21197:152421#0/1 30 0 30 15
HWI-ST183_0204:4:23:21197:152421#0/2 45 0 45 0
HWI-ST183_0204:4:3:3465:105494#0/1 45 0 45 0
HWI-ST183_0204:4:3:3465:105494#0/2 33 0 33 12
HWI-ST183_0204:4:41:9504:112393#0/1 45 0 45 0
HWI-ST183_0204:4:41:9504:112393#0/2 45 0 45 0
HWI-ST183_0204:4:67:3725:155106#0/1 45 0 45 0
HWI-ST183_0204:4:67:3725:155106#0/2 45 0 45 0
HWI-ST183_0204:4:63:17100:137798#0/1 45 0 45 0
HWI-ST183_0204:4:63:17100:137798#0/2 45 0 45 0
HWI-ST183_0204:4:66:13862:187970#0/1 45 0 45 0
HWI-ST183_0204:4:66:13862:187970#0/2 45 0 45 0
HWI-ST183_0204:4:6:11358:90780#0/1 45 0 45 0
HWI-ST183_0204:4:6:11358:90780#0/2 45 0 45 0
HWI-ST183_0204:4:65:18345:45470#0/1 45 0 45 0
HWI-ST183_0204:4:65:18345:45470#0/2 42 0 42 3
HWI-ST183_0204:4:44:4133:83077#0/1 45 0 45 0
HWI-ST183_0204:4:44:4133:83077#0/2 45 0 45 0
HWI-ST183_0204:4:46:16356:194311#0/1 45 0 45 0
HWI-ST183_0204:4:46:16356:194311#0/2 45 0 45 0
HWI-ST183_0204:4:65:13726:6913#0/1 45 0 45 0
HWI-ST183_0204:4:65:13726:6913#0/2 45 0 45 0
HWI-ST183_0204:4:43:7651:35150#0/1 45 0 45 0
HWI-ST183_0204:4:43:7651:35150#0/2 45 0 45 0
HWI-ST183_0204:4:24:12470:147785#0/1 45 0 45 0
HWI-ST183_0204:4:24:12470:147785#0/2 45 0 45 0
HWI-ST183_0204:4:64:19817:153773#0/1 45 0 45 0
HWI-ST183_0204:4:64:19817:153773#0/2 45 0 45 0
HWI-ST183_0204:4:1:13333:19647#0/1 45 0 45 0
HWI-ST183_0204:4:1:13333:19647#0/2 45 0 45 0
HWI-ST183_0204:4:2:9267:168291#0/1 45 0 45 0
HWI-ST183_0204:4:2:9267:168291#0/2 45 0 45 0
HWI-ST183_0204:4:27:15156:22195#0/1 45 0 45 0
HWI-ST183_0204:4:27:15156:22195#0/2 45 0 45 0
HWI-ST183_0204:4:22:10432:194188#0/1 36 0 36 9
HWI-ST183_0204:4:22:10432:194188#0/2 0 0 0 0
HWI-ST183_0204:4:25:18943:74761#0/1 43 0 43 2
HWI-ST183_0204:4:25:18943:74761#0/2 39 0 39 6
HWI-ST183_0204:4:41:15214:116466#0/1 45 0 45 0
HWI-ST183_0204:4:41:15214:116466#0/2 45 0 45 0
HWI-ST183_0204:4:45:19663:159354#0/1 45 0 45 0
HWI-ST183_0204:4:45:19663:159354#0/2 45 0 45 0
HWI-ST183_0204:4:44:19642:80022#0/1 27 0 27 18
HWI-ST183_0204:4:44:19642:80022#0/2 0 0 0 0
HWI-ST183_0204:4:62:17885:126630#0/1 45 0 45 0
HWI-ST183_0204:4:62:17885:126630#0/2 42 0 42 3
HWI-ST183_0204:4:68:11337:5782#0/1 45 0 45 0
HWI-ST183_0204:4:68:11337:5782#0/2 45 0 45 0
HWI-ST183_0204:4:48:6108:12061#0/1 45 0 45 0
HWI-ST183_0204:4:48:6108:12061#0/2 0 0 0 0
HWI-ST183_0204:4:47:7590:116706#0/1 44 0 44 1
HWI-ST183_0204:4:47:7590:116706#0/2 45 0 45 0
HWI-ST183_0204:4:43:11183:64725#0/1 45 0 45 0
HWI-ST183_0204:4:43:11183:64725#0/2 45 0 45 0
HWI-ST183_0204:4:8:20017:43470#0/1 45 0 45 0
HWI-ST183_0204:4:8:20017:43470#0/2 45 0 45 0
HWI-ST183_0204:4:3:6618:9251#0/1 45 0 45 0
HWI-ST183_0204:4:3:6618:9251#0/2 45 0 45 0
HWI-ST183_0204:4:22:16997:54979#0/1 45 0 45 0
HWI-ST183_0204:4:22:16997:54979#0/2 45 0 45 0
HWI-ST183_0204:4:21:17855:121175#0/1 45 0 45 0
HWI-ST183_0204:4:21:17855:121175#0/2 45 0 45 0
HWI-ST183_0204:4:2:12279:95587#0/1 45 0 45 0
HWI-ST183_0204:4:2:12279:95587#0/2 45 0 45 0
HWI-ST183_0204:4:8:14882:56091#0/1 45 0 45 0
HWI-ST183_0204:4:8:14882:56091#0/2 45 0 45 0
HWI-ST183_0204:4:3:5915:116238#0/1 45 0 45 0
HWI-ST183_0204:4:3:5915:116238#0/2 45 0 45 0
HWI-ST183_0204:4:44:11580:30912#0/1 45 0 45 0
HWI-ST183_0204:4:44:11580:30912#0/2 45 0 45 0
HWI-ST183_0204:4:2:13411:160764#0/1 45 0 45 0
HWI-ST183_0204:4:2:13411:160764#0/2 45 0 45 0
HWI-ST183_0204:4:23:1459:71562#0/1 45 0 45 0
HWI-ST183_0204:4:23:1459:71562#0/2 45 0 45 0
HWI-ST183_0204:4:66:12480:38359#0/1 45 0 45 0
HWI-ST183_0204:4:66:12480:38359#0/2 45 0 45 0
HWI-ST183_0204:4:4:10524:186210#0/1 28 0 28 17
HWI-ST183_0204:4:4:10524:186210#0/2 0 0 0 0
HWI-ST183_0204:4:62:19806:145581#0/1 45 0 45 0
HWI-ST183_0204:4:62:19806:145581#0/2 45 0 45 0
HWI-ST183_0204:4:43:9316:66382#0/1 45 0 45 0
HWI-ST183_0204:4:43:9316:66382#0/2 0 0 0 0
HWI-ST183_0204:4:6:16999:139370#0/1 45 0 45 0
HWI-ST183_0204:4:6:16999:139370#0/2 45 0 45 0
HWI-ST183_0204:4:22:6024:93141#0/1 45 0 45 0
HWI-ST183_0204:4:22:6024:93141#0/2 45 0 45 0
HWI-ST183_0204:4:4:20190:188265#0/1 45 0 45 0
HWI-ST183_0204:4:4:20190:188265#0/2 45 0 45 0
HWI-ST183_0204:4:5:19749:121574#0/1 45 0 45 0
HWI-ST183_0204:4:5:19749:121574#0/2 45 0 45 0
HWI-ST183_0204:4:41:18170:49142#0/1 45 0 45 0
HWI-ST183_0204:4:41:18170:49142#0/2 0 0 0 0
HWI-ST183_0204:4:48:8859:173347#0/1 45 0 45 0
HWI-ST183_0204:4:48:8859:173347#0/2 0 0 0 0
HWI-ST183_0204:4:24:21011:71859#0/1 45 0 45 0
HWI-ST183_0204:4:24:21011:71859#0/2 0 0 0 0
HWI-ST183_0204:4:65:7543:85452#0/1 45 0 45 0
HWI-ST183_0204:4:65:7543:85452#0/2 45 0 45 0
HWI-ST183_0204:4:42:15762:87705#0/1 45 0 45 0
HWI-ST183_0204:4:42:15762:87705#0/2 45 0 45 0
HWI-ST183_0204:4:43:11089:86361#0/1 45 0 45 0
HWI-ST183_0204:4:43:11089:86361#0/2 45 0 45 0
HWI-ST183_0204:4:65:14713:179672#0/1 45 0 45 0
HWI-ST183_0204:4:65:14713:179672#0/2 0 0 0 0
HWI-ST183_0204:4:65:13591:137890#0/1 45 0 45 0
HWI-ST183_0204:4:65:13591:137890#0/2 45 0 45 0
HWI-ST183_0204:4:27:9168:177483#0/1 45 0 45 0
HWI-ST183_0204:4:27:9168:177483#0/2 45 0 45 0
HWI-ST183_0204:4:5:13793:63890#0/1 45 0 45 0
HWI-ST183_0204:4:5:13793:63890#0/2 45 0 45 0
HWI-ST183_0204:4:3:7330:190730#0/1 45 0 45 0
HWI-ST183_0204:4:3:7330:190730#0/2 45 0 45 0
HWI-ST183_0204:4:23:14936:62975#0/1 45 0 45 0
HWI-ST183_0204:4:23:14936:62975#0/2 45 0 45 0
HWI-ST183_0204:4:45:15797:169164#0/1 45 0 45 0
HWI-ST183_0204:4:45:15797:169164#0/2 45 0 45 0
HWI-ST183_0204:4:41:2998:123444#0/1 0 0 0 0
HWI-ST183_0204:4:41:2998:123444#0/2 38 0 38 7
HWI-ST183_0204:4:61:10740:117000#0/1 45 0 45 0
HWI-ST183_0204:4:61:10740:117000#0/2 45 0 45 0
HWI-ST183_0204:4:2:19180:61554#0/1 45 0 45 0
HWI-ST183_0204:4:2:19180:61554#0/2 45 0 45 0
HWI-ST183_0204:4:5:17450:12178#0/1 39 0 39 6
HWI-ST183_0204:4:5:17450:12178#0/2 45 0 45 0
HWI-ST183_0204:4:21:1463:36675#0/1 44 0 44 1
HWI-ST183_0204:4:21:1463:36675#0/2 0 0 0 0
HWI-ST183_0204:4:2:6001:197896#0/1 45 0 45 0
HWI-ST183_0204:4:2:6001:197896#0/2 45 0 45 0
HWI-ST183_0204:4:61:6654:192090#0/1 45 0 45 0
HWI-ST183_0204:4:61:6654:192090#0/2 45 0 45 0
HWI-ST183_0204:4:42:5885:185812#0/1 45 0 45 0
HWI-ST183_0204:4:42:5885:185812#0/2 42 0 42 3
HWI-ST183_0204:4:41:16618:12502#0/1 45 0 45 0
HWI-ST183_0204:4:41:16618:12502#0/2 45 0 45 0
HWI-ST183_0204:4:67:16002:65736#0/1 45 0 45 0
HWI-ST183_0204:4:67:16002:65736#0/2 45 0 45 0
HWI-ST183_0204:4:1:10989:95778#0/1 45 0 45 0
HWI-ST183_0204:4:1:10989:95778#0/2 45 0 45 0
HWI-ST183_0204:4:61:12505:41527#0/1 45 0 45 0
HWI-ST183_0204:4:61:12505:41527#0/2 45 0 45 0
HWI-ST183_0204:4:62:12295:198563#0/1 45 0 45 0
HWI-ST183_0204:4:62:12295:198563#0/2 45 0 45 0
HWI-ST183_0204:4:4:9806:75400#0/1 45 0 45 0
HWI-ST183_0204:4:4:9806:75400#0/2 45 0 45 0
HWI-ST183_0204:4:42:2392:174313#0/1 45 0 45 0
HWI-ST183_0204:4:42:2392:174313#0/2 32 0 32 13
HWI-ST183_0204:4:24:15347:73513#0/1 45 0 45 0
HWI-ST183_0204:4:24:15347:73513#0/2 27 0 27 18
HWI-ST183_0204:4:2:4834:157747#0/1 45 0 45 0
HWI-ST183_0204:4:2:4834:157747#0/2 45 0 45 0
HWI-ST183_0204:4:22:13429:103129#0/1 45 0 45 0
HWI-ST183_0204:4:22:13429:103129#0/2 45 0 45 0
HWI-ST183_0204:4:47:7529:43562#0/1 45 0 45 0
HWI-ST183_0204:4:47:7529:43562#0/2 38 0 38 7
HWI-ST183_0204:4:25:4436:58594#0/1 24 0 24 21
HWI-ST183_0204:4:25:4436:58594#0/2 43 0 43 2
HWI-ST183_0204:4:44:9275:17454#0/1 37 0 37 8
HWI-ST183_0204:4:44:9275:17454#0/2 45 0 45 0
HWI-ST183_0204:4:22:13225:168048#0/1 45 0 45 0
HWI-ST183_0204:4:22:13225:168048#0/2 45 0 45 0
HWI-ST183_0204:4:42:18855:145180#0/1 45 0 45 0
HWI-ST183_0204:4:42:18855:145180#0/2 45 0 45 0
HWI-ST183_0204:4:24:9372:16263#0/1 45 0 45 0
HWI-ST183_0204:4:24:9372:16263#0/2 45 0 45 0
HWI-ST183_0204:4:61:13946:36678#0/1 45 0 45 0
HWI-ST183_0204:4:61:13946:36678#0/2 45 0 45 0
HWI-ST183_0204:4:21:19456:55851#0/1 34 0 34 11
HWI-ST183_0204:4:21:19456:55851#0/2 45 0 45 0
HWI-ST183_0204:4:61:16964:144434#0/1 45 0 45 0
HWI-ST183_0204:4:61:16964:144434#0/2 45 0 45 0
HWI-ST183_0204:4:68:7386:144145#0/1 45 0 45 0
HWI-ST183_0204:4:68:7386:144145#0/2 45 0 45 0
HWI-ST183_0204:4:26:16999:96857#0/1 45 0 45 0
HWI-ST183_0204:4:26:16999:96857#0/2 45 0 45 0
HWI-ST183_0204:4:42:10025:146096#0/1 45 0 45 0
HWI-ST183_0204:4:42:10025:146096#0/2 45 0 45 0
HWI-ST183_0204:4:68:10064:36960#0/1 45 0 45 0
HWI-ST183_0204:4:68:10064:36960#0/2 42 0 42 3
HWI-ST183_0204:4:63:16828:17387#0/1 45 0 45 0
HWI-ST183_0204:4:63:16828:17387#0/2 45 0 45 0
HWI-ST183_0204:4:23:1573:11700#0/1 45 0 45 0
HWI-ST183_0204:4:23:1573:11700#0/2 45 0 45 0
HWI-ST183_0204:4:67:7503:134394#0/1 45 0 45 0
HWI-ST183_0204:4:67:7503:134394#0/2 45 0 45 0
HWI-ST183_0204:4:21:7679:170983#0/1 45 0 45 0
HWI-ST183_0204:4:21:7679:170983#0/2 44 0 44 1
HWI-ST183_0204:4:8:16885:142764#0/1 45 0 45 0
HWI-ST183_0204:4:8:16885:142764#0/2 45 0 45 0
HWI-ST183_0204:4:44:16534:130936#0/1 45 0 45 0
HWI-ST183_0204:4:44:16534:130936#0/2 0 0 0 0
HWI-ST183_0204:4:3:9127:2263#0/1 45 0 45 0
HWI-ST183_0204:4:3:9127:2263#0/2 45 0 45 0
HWI-ST183_0204:4:42:20327:116445#0/1 45 0 45 0
HWI-ST183_0204:4:42:20327:116445#0/2 45 0 45 0
HWI-ST183_0204:4:63:18183:160530#0/1 45 0 45 0
HWI-ST183_0204:4:63:18183:160530#0/2 45 0 45 0
HWI-ST183_0204:4:61:8582:30820#0/1 45 0 45 0
HWI-ST183_0204:4:61:8582:30820#0/2 45 0 45 0
HWI-ST183_0204:4:42:7541:85650#0/1 45 0 45 0
HWI-ST183_0204:4:42:7541:85650#0/2 45 0 45 0
HWI-ST183_0204:4:64:13548:58573#0/1 45 0 45 0
HWI-ST183_0204:4:64:13548:58573#0/2 45 0 45 0
HWI-ST183_0204:4:3:19735:141427#0/1 32 0 32 13
HWI-ST183_0204:4:3:19735:141427#0/2 37 0 37 8
HWI-ST183_0204:4:46:8353:170310#0/1 45 0 45 0
HWI-ST183_0204:4:46:8353:170310#0/2 45 0 45 0
HWI-ST183_0204:4:23:5599:196513#0/1 45 0 45 0
HWI-ST183_0204:4:23:5599:196513#0/2 45 0 45 0
HWI-ST183_0204:4:5:5261:55965#0/1 45 0 45 0
HWI-ST183_0204:4:5:5261:55965#0/2 37 0 37 8
HWI-ST183_0204:4:6:19261:10799#0/1 45 0 45 0
HWI-ST183_0204:4:6:19261:10799#0/2 45 0 45 0
HWI-ST183_0204:4:21:5942:174797#0/1 45 0 45 0
HWI-ST183_0204:4:21:5942:174797#0/2 45 0 45 0
HWI-ST183_0204:4:22:13032:80903#0/1 45 0 45 0
HWI-ST183_0204:4:22:13032:80903#0/2 45 0 45 0
HWI-ST183_0204:4:23:17175:44890#0/1 45 0 45 0
HWI-ST183_0204:4:23:17175:44890#0/2 45 0 45 0
HWI-ST183_0204:4:24:7377:71949#0/1 45 0 45 0
HWI-ST183_0204:4:24:7377:71949#0/2 45 0 45 0
HWI-ST183_0204:4:64:15525:56595#0/1 45 0 45 0
HWI-ST183_0204:4:64:15525:56595#0/2 31 0 31 14
HWI-ST183_0204:4:6:14271:87387#0/1 45 0 45 0
HWI-ST183_0204:4:6:14271:87387#0/2 45 0 45 0
HWI-ST183_0204:4:66:5045:6135#0/1 37 0 37 8
HWI-ST183_0204:4:66:5045:6135#0/2 0 0 0 0
HWI-ST183_0204:4:4:11818:13424#0/1 45 0 45 0
HWI-ST183_0204:4:4:11818:13424#0/2 45 0 45 0
HWI-ST183_0204:4:41:18635:19457#0/1 45 0 45 0
HWI-ST183_0204:4:41:18635:19457#0/2 45 0 45 0
HWI-ST183_0204:4:43:12640:183587#0/1 45 0 45 0
HWI-ST183_0204:4:43:12640:183587#0/2 45 0 45 0
HWI-ST183_0204:4:27:10087:137252#0/1 45 0 45 0
HWI-ST183_0204:4:27:10087:137252#0/2 0 0 0 0
HWI-ST183_0204:4:62:13147:137109#0/1 45 0 45 0
HWI-ST183_0204:4:62:13147:137109#0/2 42 0 42 3
HWI-ST183_0204:4:41:11080:36336#0/1 45 0 45 0
HWI-ST183_0204:4:41:11080:36336#0/2 45 0 45 0
HWI-ST183_0204:4:62:4637:11441#0/1 44 0 44 1
HWI-ST183_0204:4:62:4637:11441#0/2 45 0 45 0
HWI-ST183_0204:4:68:1113:62879#0/1 45 0 45 0
HWI-ST183_0204:4:68:1113:62879#0/2 39 0 39 6
HWI-ST183_0204:4:3:3676:187089#0/1 45 0 45 0
HWI-ST183_0204:4:3:3676:187089#0/2 45 0 45 0
HWI-ST183_0204:4:1:15167:146346#0/1 0 0 0 0
HWI-ST183_0204:4:1:15167:146346#0/2 0 0 0 0
HWI-ST183_0204:4:3:4463:152144#0/1 45 0 45 0
HWI-ST183_0204:4:3:4463:152144#0/2 45 0 45 0
HWI-ST183_0204:4:4:18575:69865#0/1 45 0 45 0
HWI-ST183_0204:4:4:18575:69865#0/2 45 0 45 0
HWI-ST183_0204:4:21:12455:99140#0/1 45 0 45 0
HWI-ST183_0204:4:21:12455:99140#0/2 45 0 45 0
HWI-ST183_0204:4:3:16919:18092#0/1 45 0 45 0
HWI-ST183_0204:4:3:16919:18092#0/2 45 0 45 0
HWI-ST183_0204:4:25:15248:10273#0/1 45 0 45 0
HWI-ST183_0204:4:25:15248:10273#0/2 45 0 45 0
HWI-ST183_0204:4:43:12636:155791#0/1 45 0 45 0
HWI-ST183_0204:4:43:12636:155791#0/2 45 0 45 0
HWI-ST183_0204:4:43:4175:15730#0/1 45 0 45 0
HWI-ST183_0204:4:43:4175:15730#0/2 43 0 43 2
HWI-ST183_0204:4:23:2351:90419#0/1 45 0 45 0
HWI-ST183_0204:4:23:2351:90419#0/2 32 0 32 13
HWI-ST183_0204:4:41:4760:138336#0/1 45 0 45 0
HWI-ST183_0204:4:41:4760:138336#0/2 45 0 45 0
HWI-ST183_0204:4:62:12038:63823#0/1 45 0 45 0
HWI-ST183_0204:4:62:12038:63823#0/2 45 0 45 0
HWI-ST183_0204:4:3:3204:166858#0/1 45 0 45 0
HWI-ST183_0204:4:3:3204:166858#0/2 45 0 45 0
HWI-ST183_0204:4:41:10231:97541#0/1 45 0 45 0
HWI-ST183_0204:4:41:10231:97541#0/2 45 0 45 0
HWI-ST183_0204:4:67:12049:108598#0/1 36 0 36 9
HWI-ST183_0204:4:67:12049:108598#0/2 28 0 28 17
HWI-ST183_0204:4:43:16677:49672#0/1 45 0 45 0
HWI-ST183_0204:4:43:16677:49672#0/2 45 0 45 0
HWI-ST183_0204:4:3:18783:37920#0/1 45 0 45 0
HWI-ST183_0204:4:3:18783:37920#0/2 45 0 45 0
HWI-ST183_0204:4:44:4944:33950#0/1 45 0 45 0
HWI-ST183_0204:4:44:4944:33950#0/2 45 0 45 0
HWI-ST183_0204:4:46:17790:150450#0/1 45 0 45 0
HWI-ST183_0204:4:46:17790:150450#0/2 45 0 45 0
HWI-ST183_0204:4:25:13882:66971#0/1 45 0 45 0
HWI-ST183_0204:4:25:13882:66971#0/2 45 0 45 0
HWI-ST183_0204:4:6:12474:41373#0/1 45 0 45 0
HWI-ST183_0204:4:6:12474:41373#0/2 45 0 45 0
HWI-ST183_0204:4:44:9772:142010#0/1 45 0 45 0
HWI-ST183_0204:4:44:9772:142010#0/2 45 0 45 0
HWI-ST183_0204:4:48:17710:57284#0/1 45 0 45 0
HWI-ST183_0204:4:48:17710:57284#0/2 0 0 0 0
HWI-ST183_0204:4:27:13704:88934#0/1 44 0 44 1
HWI-ST183_0204:4:27:13704:88934#0/2 45 0 45 0
HWI-ST183_0204:4:42:8310:95711#0/1 45 0 45 0
HWI-ST183_0204:4:42:8310:95711#0/2 45 0 45 0
HWI-ST183_0204:4:65:16906:4418#0/1 45 0 45 0
HWI-ST183_0204:4:65:16906:4418#0/2 45 0 45 0
HWI-ST183_0204:4:61:14258:80732#0/1 45 0 45 0
HWI-ST183_0204:4:61:14258:80732#0/2 44 0 44 1
HWI-ST183_0204:4:21:12516:164541#0/1 45 0 45 0
HWI-ST183_0204:4:21:12516:164541#0/2 45 0 45 0
HWI-ST183_0204:4:42:8976:13316#0/1 45 0 45 0
HWI-ST183_0204:4:42:8976:13316#0/2 45 0 45 0
HWI-ST183_0204:4:25:5661:54669#0/1 30 0 30 15
HWI-ST183_0204:4:25:5661:54669#0/2 0 0 0 0
HWI-ST183_0204:4:3:11974:86597#0/1 45 0 45 0
HWI-ST183_0204:4:3:11974:86597#0/2 29 0 29 16
HWI-ST183_0204:4:47:4758:3809#0/1 45 0 45 0
HWI-ST183_0204:4:47:4758:3809#0/2 45 0 45 0
HWI-ST183_0204:4:3:20063:186331#0/1 45 0 45 0
HWI-ST183_0204:4:3:20063:186331#0/2 45 0 45 0
HWI-ST183_0204:4:4:1359:145577#0/1 38 0 38 7
HWI-ST183_0204:4:4:1359:145577#0/2 34 0 34 11
HWI-ST183_0204:4:5:1992:36911#0/1 45 0 45 0
HWI-ST183_0204:4:5:1992:36911#0/2 39 0 39 6
HWI-ST183_0204:4:25:14723:92333#0/1 45 0 45 0
HWI-ST183_0204:4:25:14723:92333#0/2 45 0 45 0
HWI-ST183_0204:4:5:12433:52641#0/1 45 0 45 0
HWI-ST183_0204:4:5:12433:52641#0/2 45 0 45 0
HWI-ST183_0204:4:22:20801:46860#0/1 45 0 45 0
HWI-ST183_0204:4:22:20801:46860#0/2 39 0 39 6
HWI-ST183_0204:4:2:17922:45310#0/1 22 0 22 23
HWI-ST183_0204:4:2:17922:45310#0/2 32 0 32 13
HWI-ST183_0204:4:25:1645:179789#0/1 45 0 45 0
HWI-ST183_0204:4:25:1645:179789#0/2 0 0 0 0
HWI-ST183_0204:4:66:10276:121224#0/1 41 0 41 4
HWI-ST183_0204:4:66:10276:121224#0/2 35 0 35 10
HWI-ST183_0204:4:41:17406:188518#0/1 45 0 45 0
HWI-ST183_0204:4:41:17406:188518#0/2 45 0 45 0
HWI-ST183_0204:4:41:19409:137892#0/1 45 0 45 0
HWI-ST183_0204:4:41:19409:137892#0/2 45 0 45 0
HWI-ST183_0204:4:46:8765:188599#0/1 45 0 45 0
HWI-ST183_0204:4:46:8765:188599#0/2 45 0 45 0
HWI-ST183_0204:4:24:17836:144838#0/1 45 0 45 0
HWI-ST183_0204:4:24:17836:144838#0/2 0 0 0 0
HWI-ST183_0204:4:5:8979:173856#0/1 0 0 0 0
HWI-ST183_0204:4:5:8979:173856#0/2 45 0 45 0
HWI-ST183_0204:4:45:7643:42072#0/1 45 0 45 0
HWI-ST183_0204:4:45:7643:42072#0/2 45 0 45 0
HWI-ST183_0204:4:67:19042:5867#0/1 45 0 45 0
HWI-ST183_0204:4:67:19042:5867#0/2 45 0 45 0
HWI-ST183_0204:4:23:20042:191807#0/1 45 0 45 0
HWI-ST183_0204:4:23:20042:191807#0/2 45 0 45 0
HWI-ST183_0204:4:27:3342:171465#0/1 45 0 45 0
HWI-ST183_0204:4:27:3342:171465#0/2 45 0 45 0
HWI-ST183_0204:4:23:10224:71494#0/1 45 0 45 0
HWI-ST183_0204:4:23:10224:71494#0/2 45 0 45 0
HWI-ST183_0204:4:26:5944:185903#0/1 45 0 45 0
HWI-ST183_0204:4:26:5944:185903#0/2 39 0 39 6
HWI-ST183_0204:4:61:12278:65233#0/1 45 0 45 0
HWI-ST183_0204:4:61:12278:65233#0/2 45 0 45 0
HWI-ST183_0204:4:44:2904:192799#0/1 42 0 42 3
HWI-ST183_0204:4:44:2904:192799#0/2 38 0 38 7
HWI-ST183_0204:4:3:5147:53470#0/1 45 0 45 0
HWI-ST183_0204:4:3:5147:53470#0/2 45 0 45 0
HWI-ST183_0204:4:64:19502:143653#0/1 36 0 36 9
HWI-ST183_0204:4:64:19502:143653#0/2 34 0 34 11
HWI-ST183_0204:4:45:11282:42933#0/1 0 0 0 0
HWI-ST183_0204:4:45:11282:42933#0/2 0 0 0 0
HWI-ST183_0204:4:48:3129:16425#0/1 45 0 45 0
HWI-ST183_0204:4:48:3129:16425#0/2 0 0 0 0
HWI-ST183_0204:4:45:16473:26949#0/1 45 0 45 0
HWI-ST183_0204:4:45:16473:26949#0/2 45 0 45 0
HWI-ST183_0204:4:63:4601:118073#0/1 45 0 45 0
HWI-ST183_0204:4:63:4601:118073#0/2 24 0 24 21
HWI-ST183_0204:4:44:5399:90629#0/1 0 0 0 0
HWI-ST183_0204:4:44:5399:90629#0/2 22 0 22 23
HWI-ST183_0204:4:3:13926:171129#0/1 45 0 45 0
HWI-ST183_0204:4:3:13926:171129#0/2 45 0 45 0
HWI-ST183_0204:4:62:12188:130858#0/1 45 0 45 0
HWI-ST183_0204:4:62:12188:130858#0/2 45 0 45 0
HWI-ST183_0204:4:62:7954:38391#0/1 45 0 45 0
HWI-ST183_0204:4:62:7954:38391#0/2 45 0 45 0
HWI-ST183_0204:4:24:15778:23503#0/1 45 0 45 0
HWI-ST183_0204:4:24:15778:23503#0/2 45 0 45 0
HWI-ST183_0204:4:46:8317:72524#0/1 45 0 45 0
HWI-ST183_0204:4:46:8317:72524#0/2 45 0 45 0
HWI-ST183_0204:4:67:16546:61774#0/1 45 0 45 0
HWI-ST183_0204:4:67:16546:61774#0/2 45 0 45 0
HWI-ST183_0204:4:62:20754:171224#0/1 45 0 45 0
HWI-ST183_0204:4:62:20754:171224#0/2 41 0 41 4
HWI-ST183_0204:4:44:16433:38244#0/1 45 0 45 0
HWI-ST183_0204:4:44:16433:38244#0/2 45 0 45 0
HWI-ST183_0204:4:41:8273:60581#0/1 45 0 45 0
HWI-ST183_0204:4:41:8273:60581#0/2 45 0 45 0
HWI-ST183_0204:4:5:7780:21730#0/1 39 0 39 6
HWI-ST183_0204:4:5:7780:21730#0/2 45 0 45 0
HWI-ST183_0204:4:61:8787:74340#0/1 45 0 45 0
HWI-ST183_0204:4:61:8787:74340#0/2 45 0 45 0
HWI-ST183_0204:4:64:13721:103845#0/1 45 0 45 0
HWI-ST183_0204:4:64:13721:103845#0/2 45 0 45 0
HWI-ST183_0204:4:44:20033:35154#0/1 45 0 45 0
HWI-ST183_0204:4:44:20033:35154#0/2 45 0 45 0
HWI-ST183_0204:4:61:4431:4396#0/1 45 0 45 0
HWI-ST183_0204:4:61:4431:4396#0/2 25 0 25 20
HWI-ST183_0204:4:45:18788:31617#0/1 45 0 45 0
HWI-ST183_0204:4:45:18788:31617#0/2 45 0 45 0
HWI-ST183_0204:4:22:20742:119434#0/1 45 0 45 0
HWI-ST183_0204:4:22:20742:119434#0/2 39 0 39 6
HWI-ST183_0204:4:5:14670:148541#0/1 45 0 45 0
HWI-ST183_0204:4:5:14670:148541#0/2 45 0 45 0
HWI-ST183_0204:4:25:19155:15327#0/1 45 0 45 0
HWI-ST183_0204:4:25:19155:15327#0/2 43 0 43 2
HWI-ST183_0204:4:66:18040:188843#0/1 45 0 45 0
HWI-ST183_0204:4:66:18040:188843#0/2 45 0 45 0
HWI-ST183_0204:4:48:3157:161683#0/1 39 0 39 6
HWI-ST183_0204:4:48:3157:161683#0/2 0 0 0 0
HWI-ST183_0204:4:43:19205:57696#0/1 45 0 45 0
HWI-ST183_0204:4:43:19205:57696#0/2 45 0 45 0
HWI-ST183_0204:4:22:15365:76565#0/1 45 0 45 0
HWI-ST183_0204:4:22:15365:76565#0/2 0 0 0 0
HWI-ST183_0204:4:41:13665:58570#0/1 45 0 45 0
HWI-ST183_0204:4:41:13665:58570#0/2 45 0 45 0
HWI-ST183_0204:4:63:8669:64560#0/1 45 0 45 0
HWI-ST183_0204:4:63:8669:64560#0/2 45 0 45 0
HWI-ST183_0204:4:23:5438:84094#0/1 0 0 0 0
HWI-ST183_0204:4:23:5438:84094#0/2 0 0 0 0
HWI-ST183_0204:4:26:16666:173615#0/1 45 0 45 0
HWI-ST183_0204:4:26:16666:173615#0/2 45 0 45 0
HWI-ST183_0204:4:48:6419:7424#0/1 45 0 45 0
HWI-ST183_0204:4:48:6419:7424#0/2 0 0 0 0
HWI-ST183_0204:4:42:7216:102497#0/1 0 0 0 0
HWI-ST183_0204:4:42:7216:102497#0/2 0 0 0 0
HWI-ST183_0204:4:22:14326:4292#0/1 45 0 45 0
HWI-ST183_0204:4:22:14326:4292#0/2 45 0 45 0
HWI-ST183_0204:4:23:18470:118070#0/1 39 0 39 6
HWI-ST183_0204:4:23:18470:118070#0/2 37 0 37 8
HWI-ST183_0204:4:62:17671:159137#0/1 45 0 45 0
HWI-ST183_0204:4:62:17671:159137#0/2 32 0 32 13
HWI-ST183_0204:4:64:8556:177926#0/1 36 0 36 9
HWI-ST183_0204:4:64:8556:177926#0/2 0 0 0 0
HWI-ST183_0204:4:41:5835:42064#0/1 45 0 45 0
HWI-ST183_0204:4:41:5835:42064#0/2 39 0 39 6
HWI-ST183_0204:4:2:11033:22002#0/1 45 0 45 0
HWI-ST183_0204:4:2:11033:22002#0/2 45 0 45 0
HWI-ST183_0204:4:43:16256:197550#0/1 45 0 45 0
HWI-ST183_0204:4:43:16256:197550#0/2 39 0 39 6
HWI-ST183_0204:4:48:10870:122735#0/1 45 0 45 0
HWI-ST183_0204:4:48:10870:122735#0/2 0 0 0 0
HWI-ST183_0204:4:67:14849:78079#0/1 43 0 43 2
HWI-ST183_0204:4:67:14849:78079#0/2 45 0 45 0
HWI-ST183_0204:4:25:11825:153031#0/1 45 0 45 0
HWI-ST183_0204:4:25:11825:153031#0/2 41 0 41 4
HWI-ST183_0204:4:42:5782:136400#0/1 45 0 45 0
HWI-ST183_0204:4:42:5782:136400#0/2 45 0 45 0
HWI-ST183_0204:4:44:1457:17037#0/1 35 0 35 10
HWI-ST183_0204:4:44:1457:17037#0/2 45 0 45 0
HWI-ST183_0204:4:22:13992:171941#0/1 45 0 45 0
HWI-ST183_0204:4:22:13992:171941#0/2 45 0 45 0
HWI-ST183_0204:4:25:17151:122754#0/1 21 0 21 24
HWI-ST183_0204:4:25:17151:122754#0/2 22 0 22 23
HWI-ST183_0204:4:44:13984:18826#0/1 45 0 45 0
HWI-ST183_0204:4:44:13984:18826#0/2 45 0 45 0
HWI-ST183_0204:4:41:19218:125410#0/1 45 0 45 0
HWI-ST183_0204:4:41:19218:125410#0/2 45 0 45 0
HWI-ST183_0204:4:45:16374:43276#0/1 43 0 43 2
HWI-ST183_0204:4:45:16374:43276#0/2 45 0 45 0
HWI-ST183_0204:4:27:9771:135924#0/1 45 0 45 0
HWI-ST183_0204:4:27:9771:135924#0/2 45 0 45 0
HWI-ST183_0204:4:43:15333:68247#0/1 45 0 45 0
HWI-ST183_0204:4:43:15333:68247#0/2 45 0 45 0
HWI-ST183_0204:4:22:11355:79721#0/1 45 0 45 0
HWI-ST183_0204:4:22:11355:79721#0/2 45 0 45 0
HWI-ST183_0204:4:68:5924:47727#0/1 45 0 45 0
HWI-ST183_0204:4:68:5924:47727#0/2 45 0 45 0
HWI-ST183_0204:4:45:14972:83322#0/1 45 0 45 0
HWI-ST183_0204:4:45:14972:83322#0/2 45 0 45 0
HWI-ST183_0204:4:25:2438:152660#0/1 0 0 0 0
HWI-ST183_0204:4:25:2438:152660#0/2 33 0 33 12
HWI-ST183_0204:4:48:11136:15382#0/1 37 0 37 8
HWI-ST183_0204:4:48:11136:15382#0/2 0 0 0 0
HWI-ST183_0204:4:44:19904:27493#0/1 33 0 33 12
HWI-ST183_0204:4:44:19904:27493#0/2 45 0 45 0
HWI-ST183_0204:4:48:3812:125204#0/1 39 0 39 6
HWI-ST183_0204:4:48:3812:125204#0/2 0 0 0 0
HWI-ST183_0204:4:2:3377:183975#0/1 45 0 45 0
HWI-ST183_0204:4:2:3377:183975#0/2 45 0 45 0
HWI-ST183_0204:4:43:17618:183233#0/1 45 0 45 0
HWI-ST183_0204:4:43:17618:183233#0/2 45 0 45 0
HWI-ST183_0204:4:44:7534:84679#0/1 45 0 45 0
HWI-ST183_0204:4:44:7534:84679#0/2 44 0 44 1
HWI-ST183_0204:4:23:16271:18676#0/1 45 0 45 0
HWI-ST183_0204:4:23:16271:18676#0/2 44 0 44 1
HWI-ST183_0204:4:2:16650:111256#0/1 45 0 45 0
HWI-ST183_0204:4:2:16650:111256#0/2 45 0 45 0
HWI-ST183_0204:4:24:6075:35275#0/1 45 0 45 0
HWI-ST183_0204:4:24:6075:35275#0/2 45 0 45 0
HWI-ST183_0204:4:21:7482:96447#0/1 45 0 45 0
HWI-ST183_0204:4:21:7482:96447#0/2 45 0 45 0
HWI-ST183_0204:4:61:14652:174032#0/1 26 0 26 19
HWI-ST183_0204:4:61:14652:174032#0/2 0 0 0 0
HWI-ST183_0204:4:23:9342:125414#0/1 45 0 45 0
HWI-ST183_0204:4:23:9342:125414#0/2 45 0 45 0
HWI-ST183_0204:4:21:10349:98707#0/1 45 0 45 0
HWI-ST183_0204:4:21:10349:98707#0/2 27 0 27 18
HWI-ST183_0204:4:65:3997:189643#0/1 45 0 45 0
HWI-ST183_0204:4:65:3997:189643#0/2 45 0 45 0
HWI-ST183_0204:4:23:12487:94539#0/1 21 0 21 24
HWI-ST183_0204:4:23:12487:94539#0/2 37 0 37 8
HWI-ST183_0204:4:66:17799:105014#0/1 45 0 45 0
HWI-ST183_0204:4:66:17799:105014#0/2 45 0 45 0
HWI-ST183_0204:4:5:10751:49057#0/1 45 0 45 0
HWI-ST183_0204:4:5:10751:49057#0/2 45 0 45 0
HWI-ST183_0204:4:42:14173:34193#0/1 45 0 45 0
HWI-ST183_0204:4:42:14173:34193#0/2 45 0 45 0
HWI-ST183_0204:4:64:19481:69790#0/1 0 0 0 0
HWI-ST183_0204:4:64:19481:69790#0/2 0 0 0 0
HWI-ST183_0204:4:63:1265:124182#0/1 45 0 45 0
HWI-ST183_0204:4:63:1265:124182#0/2 45 0 45 0
HWI-ST183_0204:4:68:8727:134087#0/1 0 0 0 0
HWI-ST183_0204:4:68:8727:134087#0/2 0 0 0 0
HWI-ST183_0204:4:67:9873:90158#0/1 0 0 0 0
HWI-ST183_0204:4:67:9873:90158#0/2 0 0 0 0
HWI-ST183_0204:4:41:17114:66182#0/1 45 0 45 0
HWI-ST183_0204:4:41:17114:66182#0/2 44 0 44 1
HWI-ST183_0204:4:62:11721:49134#0/1 45 0 45 0
HWI-ST183_0204:4:62:11721:49134#0/2 0 0 0 0
HWI-ST183_0204:4:48:8055:66199#0/1 45 0 45 0
HWI-ST183_0204:4:48:8055:66199#0/2 0 0 0 0
HWI-ST183_0204:4:41:18095:147681#0/1 45 0 45 0
HWI-ST183_0204:4:41:18095:147681#0/2 45 0 45 0
HWI-ST183_0204:4:23:19995:177946#0/1 45 0 45 0
HWI-ST183_0204:4:23:19995:177946#0/2 44 0 44 1
HWI-ST183_0204:4:43:21067:138490#0/1 45 0 45 0
HWI-ST183_0204:4:43:21067:138490#0/2 45 0 45 0
HWI-ST183_0204:4:1:11757:186331#0/1 45 0 45 0
HWI-ST183_0204:4:1:11757:186331#0/2 45 0 45 0
HWI-ST183_0204:4:68:19008:86482#0/1 45 0 45 0
HWI-ST183_0204:4:68:19008:86482#0/2 35 0 35 10
HWI-ST183_0204:4:43:16973:10981#0/1 45 0 45 0
HWI-ST183_0204:4:43:16973:10981#0/2 45 0 45 0
HWI-ST183_0204:4:61:14799:100770#0/1 45 0 45 0
HWI-ST183_0204:4:61:14799:100770#0/2 39 0 39 6
HWI-ST183_0204:4:65:14426:175381#0/1 45 0 45 0
HWI-ST183_0204:4:65:14426:175381#0/2 45 0 45 0
HWI-ST183_0204:4:67:11369:117785#0/1 45 0 45 0
HWI-ST183_0204:4:67:11369:117785#0/2 45 0 45 0
HWI-ST183_0204:4:63:12980:181520#0/1 31 0 31 14
HWI-ST183_0204:4:63:12980:181520#0/2 43 0 43 2
HWI-ST183_0204:4:27:13401:66232#0/1 45 0 45 0
HWI-ST183_0204:4:27:13401:66232#0/2 45 0 45 0
HWI-ST183_0204:4:2:9524:190880#0/1 45 0 45 0
HWI-ST183_0204:4:2:9524:190880#0/2 42 0 42 3
HWI-ST183_0204:4:45:14036:72860#0/1 45 0 45 0
HWI-ST183_0204:4:45:14036:72860#0/2 0 0 0 0
HWI-ST183_0204:4:68:13024:43728#0/1 45 0 45 0
HWI-ST183_0204:4:68:13024:43728#0/2 45 0 45 0
HWI-ST183_0204:4:5:5522:143589#0/1 45 0 45 0
HWI-ST183_0204:4:5:5522:143589#0/2 45 0 45 0
HWI-ST183_0204:4:42:8493:197553#0/1 45 0 45 0
HWI-ST183_0204:4:42:8493:197553#0/2 45 0 45 0
HWI-ST183_0204:4:25:8760:106688#0/1 45 0 45 0
HWI-ST183_0204:4:25:8760:106688#0/2 45 0 45 0
HWI-ST183_0204:4:47:2155:143690#0/1 45 0 45 0
HWI-ST183_0204:4:47:2155:143690#0/2 23 0 23 22
HWI-ST183_0204:4:6:6901:94989#0/1 45 0 45 0
HWI-ST183_0204:4:6:6901:94989#0/2 45 0 45 0
HWI-ST183_0204:4:43:9887:70418#0/1 45 0 45 0
HWI-ST183_0204:4:43:9887:70418#0/2 45 0 45 0
HWI-ST183_0204:4:62:21280:177635#0/1 45 0 45 0
HWI-ST183_0204:4:62:21280:177635#0/2 28 0 28 17
HWI-ST183_0204:4:23:2170:4622#0/1 45 0 45 0
HWI-ST183_0204:4:23:2170:4622#0/2 28 0 28 17
HWI-ST183_0204:4:41:17141:190426#0/1 45 0 45 0
HWI-ST183_0204:4:41:17141:190426#0/2 0 0 0 0
HWI-ST183_0204:4:4:13141:110570#0/1 45 0 45 0
HWI-ST183_0204:4:4:13141:110570#0/2 45 0 45 0
HWI-ST183_0204:4:48:9970:2828#0/1 45 0 45 0
HWI-ST183_0204:4:48:9970:2828#0/2 0 0 0 0
HWI-ST183_0204:4:63:6784:129170#0/1 45 0 45 0
HWI-ST183_0204:4:63:6784:129170#0/2 42 0 42 3
HWI-ST183_0204:4:3:16181:15614#0/1 45 0 45 0
HWI-ST183_0204:4:3:16181:15614#0/2 45 0 45 0
HWI-ST183_0204:4:8:8084:173776#0/1 45 0 45 0
HWI-ST183_0204:4:8:8084:173776#0/2 45 0 45 0
HWI-ST183_0204:4:41:6154:7144#0/1 24 0 24 21
HWI-ST183_0204:4:41:6154:7144#0/2 38 0 38 7
HWI-ST183_0204:4:48:9733:155929#0/1 0 0 0 0
HWI-ST183_0204:4:48:9733:155929#0/2 0 0 0 0
HWI-ST183_0204:4:44:4758:71213#0/1 45 0 45 0
HWI-ST183_0204:4:44:4758:71213#0/2 38 0 38 7
HWI-ST183_0204:4:48:6289:5868#0/1 45 0 45 0
HWI-ST183_0204:4:48:6289:5868#0/2 0 0 0 0
HWI-ST183_0204:4:6:12564:172521#0/1 45 0 45 0
HWI-ST183_0204:4:6:12564:172521#0/2 45 0 45 0
HWI-ST183_0204:4:66:19949:186586#0/1 45 0 45 0
HWI-ST183_0204:4:66:19949:186586#0/2 45 0 45 0
HWI-ST183_0204:4:1:7414:147374#0/1 45 0 45 0
HWI-ST183_0204:4:1:7414:147374#0/2 45 0 45 0
HWI-ST183_0204:4:2:14652:155398#0/1 45 0 45 0
HWI-ST183_0204:4:2:14652:155398#0/2 39 0 39 6
HWI-ST183_0204:4:6:8540:16535#0/1 45 0 45 0
HWI-ST183_0204:4:6:8540:16535#0/2 45 0 45 0
HWI-ST183_0204:4:47:14889:71059#0/1 45 0 45 0
HWI-ST183_0204:4:47:14889:71059#0/2 45 0 45 0
HWI-ST183_0204:4:43:19029:174858#0/1 45 0 45 0
HWI-ST183_0204:4:43:19029:174858#0/2 45 0 45 0
HWI-ST183_0204:4:41:14349:161394#0/1 45 0 45 0
HWI-ST183_0204:4:41:14349:161394#0/2 45 0 45 0
HWI-ST183_0204:4:2:7009:84999#0/1 45 0 45 0
HWI-ST183_0204:4:2:7009:84999#0/2 33 0 33 12
HWI-ST183_0204:4:63:4824:45010#0/1 45 0 45 0
HWI-ST183_0204:4:63:4824:45010#0/2 26 0 26 19
HWI-ST183_0204:4:2:16253:147302#0/1 45 0 45 0
HWI-ST183_0204:4:2:16253:147302#0/2 45 0 45 0
HWI-ST183_0204:4:64:9914:179003#0/1 24 0 24 21
HWI-ST183_0204:4:64:9914:179003#0/2 0 0 0 0
HWI-ST183_0204:4:47:20373:57223#0/1 45 0 45 0
HWI-ST183_0204:4:47:20373:57223#0/2 45 0 45 0
HWI-ST183_0204:4:5:10547:39911#0/1 45 0 45 0
HWI-ST183_0204:4:5:10547:39911#0/2 45 0 45 0
HWI-ST183_0204:4:26:10875:34154#0/1 45 0 45 0
HWI-ST183_0204:4:26:10875:34154#0/2 45 0 45 0
HWI-ST183_0204:4:61:16556:182928#0/1 45 0 45 0
HWI-ST183_0204:4:61:16556:182928#0/2 37 0 37 8
HWI-ST183_0204:4:23:14748:25207#0/1 45 0 45 0
HWI-ST183_0204:4:23:14748:25207#0/2 45 0 45 0
HWI-ST183_0204:4:64:13452:123721#0/1 45 0 45 0
HWI-ST183_0204:4:64:13452:123721#0/2 45 0 45 0
HWI-ST183_0204:4:43:20698:65875#0/1 45 0 45 0
HWI-ST183_0204:4:43:20698:65875#0/2 45 0 45 0
HWI-ST183_0204:4:67:21265:4477#0/1 45 0 45 0
HWI-ST183_0204:4:67:21265:4477#0/2 45 0 45 0
HWI-ST183_0204:4:63:8960:68634#0/1 0 0 0 0
HWI-ST183_0204:4:63:8960:68634#0/2 44 0 44 1
HWI-ST183_0204:4:43:16129:81715#0/1 45 0 45 0
HWI-ST183_0204:4:43:16129:81715#0/2 45 0 45 0
HWI-ST183_0204:4:6:18809:131972#0/1 45 0 45 0
HWI-ST183_0204:4:6:18809:131972#0/2 45 0 45 0
HWI-ST183_0204:4:43:11129:188830#0/1 45 0 45 0
HWI-ST183_0204:4:43:11129:188830#0/2 45 0 45 0
HWI-ST183_0204:4:62:16721:196575#0/1 45 0 45 0
HWI-ST183_0204:4:62:16721:196575#0/2 45 0 45 0
HWI-ST183_0204:4:1:6341:114585#0/1 45 0 45 0
HWI-ST183_0204:4:1:6341:114585#0/2 45 0 45 0
HWI-ST183_0204:4:3:20679:3347#0/1 45 0 45 0
HWI-ST183_0204:4:3:20679:3347#0/2 38 0 38 7
HWI-ST183_0204:4:41:15165:2839#0/1 45 0 45 0
HWI-ST183_0204:4:41:15165:2839#0/2 45 0 45 0
HWI-ST183_0204:4:41:14237:189284#0/1 45 0 45 0
HWI-ST183_0204:4:41:14237:189284#0/2 45 0 45 0
HWI-ST183_0204:4:42:1839:111737#0/1 29 0 29 16
HWI-ST183_0204:4:42:1839:111737#0/2 39 0 39 6
HWI-ST183_0204:4:64:10417:63021#0/1 44 0 44 1
HWI-ST183_0204:4:64:10417:63021#0/2 45 0 45 0
HWI-ST183_0204:4:1:15388:52114#0/1 45 0 45 0
HWI-ST183_0204:4:1:15388:52114#0/2 45 0 45 0
HWI-ST183_0204:4:47:16905:39426#0/1 45 0 45 0
HWI-ST183_0204:4:47:16905:39426#0/2 45 0 45 0
HWI-ST183_0204:4:41:10022:192452#0/1 45 0 45 0
HWI-ST183_0204:4:41:10022:192452#0/2 45 0 45 0
HWI-ST183_0204:4:68:4885:73249#0/1 45 0 45 0
HWI-ST183_0204:4:68:4885:73249#0/2 35 0 35 10
HWI-ST183_0204:4:25:10103:75639#0/1 45 0 45 0
HWI-ST183_0204:4:25:10103:75639#0/2 45 0 45 0
HWI-ST183_0204:4:61:6566:61615#0/1 45 0 45 0
HWI-ST183_0204:4:61:6566:61615#0/2 45 0 45 0
HWI-ST183_0204:4:48:11986:91275#0/1 45 0 45 0
HWI-ST183_0204:4:48:11986:91275#0/2 0 0 0 0
HWI-ST183_0204:4:44:9862:8883#0/1 45 0 45 0
HWI-ST183_0204:4:44:9862:8883#0/2 45 0 45 0
HWI-ST183_0204:4:68:4369:55960#0/1 45 0 45 0
HWI-ST183_0204:4:68:4369:55960#0/2 38 0 38 7
HWI-ST183_0204:4:4:19217:65548#0/1 45 0 45 0
HWI-ST183_0204:4:4:19217:65548#0/2 0 0 0 0
HWI-ST183_0204:4:4:8378:7281#0/1 45 0 45 0
HWI-ST183_0204:4:4:8378:7281#0/2 45 0 45 0
HWI-ST183_0204:4:43:12751:124670#0/1 45 0 45 0
HWI-ST183_0204:4:43:12751:124670#0/2 45 0 45 0
HWI-ST183_0204:4:21:2783:95651#0/1 45 0 45 0
HWI-ST183_0204:4:21:2783:95651#0/2 45 0 45 0
HWI-ST183_0204:4:2:3231:134195#0/1 30 0 30 15
HWI-ST183_0204:4:2:3231:134195#0/2 39 0 39 6
HWI-ST183_0204:4:47:12409:76854#0/1 28 0 28 17
HWI-ST183_0204:4:47:12409:76854#0/2 45 0 45 0
HWI-ST183_0204:4:67:6780:142942#0/1 45 0 45 0
HWI-ST183_0204:4:67:6780:142942#0/2 45 0 45 0
HWI-ST183_0204:4:21:18151:68709#0/1 45 0 45 0
HWI-ST183_0204:4:21:18151:68709#0/2 39 0 39 6
HWI-ST183_0204:4:8:12613:28809#0/1 45 0 45 0
HWI-ST183_0204:4:8:12613:28809#0/2 45 0 45 0
HWI-ST183_0204:4:65:17528:4096#0/1 45 0 45 0
HWI-ST183_0204:4:65:17528:4096#0/2 0 0 0 0
HWI-ST183_0204:4:64:11200:37992#0/1 0 0 0 0
HWI-ST183_0204:4:64:11200:37992#0/2 31 0 31 14
HWI-ST183_0204:4:44:13907:90777#0/1 45 0 45 0
HWI-ST183_0204:4:44:13907:90777#0/2 38 0 38 7
HWI-ST183_0204:4:62:17910:188855#0/1 45 0 45 0
HWI-ST183_0204:4:62:17910:188855#0/2 45 0 45 0
HWI-ST183_0204:4:65:11487:60612#0/1 45 0 45 0
HWI-ST183_0204:4:65:11487:60612#0/2 45 0 45 0
HWI-ST183_0204:4:42:13864:158756#0/1 45 0 45 0
HWI-ST183_0204:4:42:13864:158756#0/2 45 0 45 0
HWI-ST183_0204:4:63:2168:134662#0/1 45 0 45 0
HWI-ST183_0204:4:63:2168:134662#0/2 38 0 38 7
HWI-ST183_0204:4:25:3542:75668#0/1 45 0 45 0
HWI-ST183_0204:4:25:3542:75668#0/2 37 0 37 8
HWI-ST183_0204:4:45:9533:90897#0/1 45 0 45 0
HWI-ST183_0204:4:45:9533:90897#0/2 39 0 39 6
HWI-ST183_0204:4:22:16257:180614#0/1 45 0 45 0
HWI-ST183_0204:4:22:16257:180614#0/2 45 0 45 0
HWI-ST183_0204:4:63:18931:196616#0/1 45 0 45 0
HWI-ST183_0204:4:63:18931:196616#0/2 45 0 45 0
HWI-ST183_0204:4:26:13822:35226#0/1 43 0 43 2
HWI-ST183_0204:4:26:13822:35226#0/2 39 0 39 6
HWI-ST183_0204:4:44:11135:162742#0/1 36 0 36 9
HWI-ST183_0204:4:44:11135:162742#0/2 45 0 45 0
HWI-ST183_0204:4:42:18246:31429#0/1 45 0 45 0
HWI-ST183_0204:4:42:18246:31429#0/2 45 0 45 0
HWI-ST183_0204:4:61:9060:31957#0/1 45 0 45 0
HWI-ST183_0204:4:61:9060:31957#0/2 45 0 45 0
HWI-ST183_0204:4:25:20975:31108#0/1 0 0 0 0
HWI-ST183_0204:4:25:20975:31108#0/2 37 0 37 8
HWI-ST183_0204:4:42:1417:86968#0/1 45 0 45 0
HWI-ST183_0204:4:42:1417:86968#0/2 34 0 34 11
HWI-ST183_0204:4:48:13968:102450#0/1 44 0 44 1
HWI-ST183_0204:4:48:13968:102450#0/2 0 0 0 0
HWI-ST183_0204:4:44:14712:126432#0/1 45 0 45 0
HWI-ST183_0204:4:44:14712:126432#0/2 45 0 45 0
HWI-ST183_0204:4:24:19951:187857#0/1 45 0 45 0
HWI-ST183_0204:4:24:19951:187857#0/2 45 0 45 0
HWI-ST183_0204:4:42:14324:20962#0/1 45 0 45 0
HWI-ST183_0204:4:42:14324:20962#0/2 45 0 45 0
HWI-ST183_0204:4:26:3348:72719#0/1 45 0 45 0
HWI-ST183_0204:4:26:3348:72719#0/2 45 0 45 0
HWI-ST183_0204:4:45:7655:32886#0/1 45 0 45 0
HWI-ST183_0204:4:45:7655:32886#0/2 45 0 45 0
HWI-ST183_0204:4:46:13769:69983#0/1 45 0 45 0
HWI-ST183_0204:4:46:13769:69983#0/2 45 0 45 0
HWI-ST183_0204:4:62:19638:18084#0/1 45 0 45 0
HWI-ST183_0204:4:62:19638:18084#0/2 45 0 45 0
HWI-ST183_0204:4:46:1324:24941#0/1 0 0 0 0
HWI-ST183_0204:4:46:1324:24941#0/2 0 0 0 0
HWI-ST183_0204:4:41:5924:28079#0/1 39 0 39 6
HWI-ST183_0204:4:41:5924:28079#0/2 45 0 45 0
HWI-ST183_0204:4:25:12696:51976#0/1 45 0 45 0
HWI-ST183_0204:4:25:12696:51976#0/2 0 0 0 0
HWI-ST183_0204:4:26:8598:23588#0/1 45 0 45 0
HWI-ST183_0204:4:26:8598:23588#0/2 45 0 45 0
HWI-ST183_0204:4:21:11342:185554#0/1 45 0 45 0
HWI-ST183_0204:4:21:11342:185554#0/2 45 0 45 0
HWI-ST183_0204:4:27:20368:163079#0/1 34 0 34 11
HWI-ST183_0204:4:27:20368:163079#0/2 38 0 38 7
HWI-ST183_0204:4:65:9649:46617#0/1 45 0 45 0
HWI-ST183_0204:4:65:9649:46617#0/2 45 0 45 0
HWI-ST183_0204:4:62:20855:151882#0/1 43 0 43 2
HWI-ST183_0204:4:62:20855:151882#0/2 45 0 45 0
HWI-ST183_0204:4:66:7104:79269#0/1 45 0 45 0
HWI-ST183_0204:4:66:7104:79269#0/2 45 0 45 0
HWI-ST183_0204:4:21:2765:83103#0/1 45 0 45 0
HWI-ST183_0204:4:21:2765:83103#0/2 45 0 45 0
HWI-ST183_0204:4:1:20578:49674#0/1 45 0 45 0
HWI-ST183_0204:4:1:20578:49674#0/2 45 0 45 0
HWI-ST183_0204:4:41:5247:24616#0/1 29 0 29 16
HWI-ST183_0204:4:41:5247:24616#0/2 23 0 23 22
HWI-ST183_0204:4:61:1354:100581#0/1 45 0 45 0
HWI-ST183_0204:4:61:1354:100581#0/2 44 0 44 1
HWI-ST183_0204:4:41:4117:13888#0/1 37 0 37 8
HWI-ST183_0204:4:41:4117:13888#0/2 34 0 34 11
HWI-ST183_0204:4:24:10313:186416#0/1 45 0 45 0
HWI-ST183_0204:4:24:10313:186416#0/2 45 0 45 0
HWI-ST183_0204:4:61:8867:129340#0/1 45 0 45 0
HWI-ST183_0204:4:61:8867:129340#0/2 45 0 45 0
HWI-ST183_0204:4:4:8468:108484#0/1 45 0 45 0
HWI-ST183_0204:4:4:8468:108484#0/2 45 0 45 0
HWI-ST183_0204:4:22:14390:62545#0/1 45 0 45 0
HWI-ST183_0204:4:22:14390:62545#0/2 45 0 45 0
HWI-ST183_0204:4:22:15982:121283#0/1 45 0 45 0
HWI-ST183_0204:4:22:15982:121283#0/2 45 0 45 0
HWI-ST183_0204:4:26:1155:145251#0/1 45 0 45 0
HWI-ST183_0204:4:26:1155:145251#0/2 45 0 45 0
HWI-ST183_0204:4:41:18343:114874#0/1 45 0 45 0
HWI-ST183_0204:4:41:18343:114874#0/2 45 0 45 0
HWI-ST183_0204:4:63:12760:151057#0/1 45 0 45 0
HWI-ST183_0204:4:63:12760:151057#0/2 45 0 45 0
HWI-ST183_0204:4:48:13138:188848#0/1 45 0 45 0
HWI-ST183_0204:4:48:13138:188848#0/2 0 0 0 0
HWI-ST183_0204:4:25:5843:171345#0/1 45 0 45 0
HWI-ST183_0204:4:25:5843:171345#0/2 45 0 45 0
HWI-ST183_0204:4:21:20988:175620#0/1 29 0 29 16
HWI-ST183_0204:4:21:20988:175620#0/2 33 0 33 12
HWI-ST183_0204:4:26:12299:76272#0/1 45 0 45 0
HWI-ST183_0204:4:26:12299:76272#0/2 45 0 45 0
HWI-ST183_0204:4:62:14964:4700#0/1 45 0 45 0
HWI-ST183_0204:4:62:14964:4700#0/2 45 0 45 0
HWI-ST183_0204:4:68:3609:49015#0/1 45 0 45 0
HWI-ST183_0204:4:68:3609:49015#0/2 38 0 38 7
HWI-ST183_0204:4:5:18181:178260#0/1 45 0 45 0
HWI-ST183_0204:4:5:18181:178260#0/2 45 0 45 0
HWI-ST183_0204:4:26:5294:82355#0/1 45 0 45 0
HWI-ST183_0204:4:26:5294:82355#0/2 45 0 45 0
HWI-ST183_0204:4:5:10822:90201#0/1 45 0 45 0
HWI-ST183_0204:4:5:10822:90201#0/2 45 0 45 0
HWI-ST183_0204:4:61:15833:72314#0/1 45 0 45 0
HWI-ST183_0204:4:61:15833:72314#0/2 37 0 37 8
HWI-ST183_0204:4:21:10262:158596#0/1 45 0 45 0
HWI-ST183_0204:4:21:10262:158596#0/2 45 0 45 0
HWI-ST183_0204:4:8:5967:123490#0/1 0 0 0 0
HWI-ST183_0204:4:8:5967:123490#0/2 45 0 45 0
HWI-ST183_0204:4:21:12089:2805#0/1 39 0 39 6
HWI-ST183_0204:4:21:12089:2805#0/2 45 0 45 0
HWI-ST183_0204:4:67:3225:179782#0/1 45 0 45 0
HWI-ST183_0204:4:67:3225:179782#0/2 37 0 37 8
HWI-ST183_0204:4:21:18791:165171#0/1 45 0 45 0
HWI-ST183_0204:4:21:18791:165171#0/2 45 0 45 0
HWI-ST183_0204:4:64:3244:124530#0/1 45 0 45 0
HWI-ST183_0204:4:64:3244:124530#0/2 45 0 45 0
HWI-ST183_0204:4:22:16908:135203#0/1 45 0 45 0
HWI-ST183_0204:4:22:16908:135203#0/2 45 0 45 0
HWI-ST183_0204:4:22:3784:137328#0/1 45 0 45 0
HWI-ST183_0204:4:22:3784:137328#0/2 34 0 34 11
HWI-ST183_0204:4:6:14294:125283#0/1 45 0 45 0
HWI-ST183_0204:4:6:14294:125283#0/2 45 0 45 0
HWI-ST183_0204:4:46:17174:180146#0/1 45 0 45 0
HWI-ST183_0204:4:46:17174:180146#0/2 45 0 45 0
HWI-ST183_0204:4:65:10760:180646#0/1 45 0 45 0
HWI-ST183_0204:4:65:10760:180646#0/2 45 0 45 0
HWI-ST183_0204:4:4:6740:19384#0/1 45 0 45 0
HWI-ST183_0204:4:4:6740:19384#0/2 36 0 36 9
HWI-ST183_0204:4:5:7658:50427#0/1 45 0 45 0
HWI-ST183_0204:4:5:7658:50427#0/2 45 0 45 0
HWI-ST183_0204:4:64:15980:77055#0/1 45 0 45 0
HWI-ST183_0204:4:64:15980:77055#0/2 45 0 45 0
HWI-ST183_0204:4:48:2501:164859#0/1 0 0 0 0
HWI-ST183_0204:4:48:2501:164859#0/2 0 0 0 0
HWI-ST183_0204:4:3:8564:47892#0/1 45 0 45 0
HWI-ST183_0204:4:3:8564:47892#0/2 45 0 45 0
HWI-ST183_0204:4:22:5773:69626#0/1 41 0 41 4
HWI-ST183_0204:4:22:5773:69626#0/2 45 0 45 0
HWI-ST183_0204:4:22:14077:32972#0/1 45 0 45 0
HWI-ST183_0204:4:22:14077:32972#0/2 45 0 45 0
HWI-ST183_0204:4:26:5271:3258#0/1 45 0 45 0
HWI-ST183_0204:4:26:5271:3258#0/2 45 0 45 0
HWI-ST183_0204:4:62:5253:60465#0/1 45 0 45 0
HWI-ST183_0204:4:62:5253:60465#0/2 45 0 45 0
HWI-ST183_0204:4:46:2705:184689#0/1 45 0 45 0
HWI-ST183_0204:4:46:2705:184689#0/2 45 0 45 0
HWI-ST183_0204:4:41:15558:169035#0/1 45 0 45 0
HWI-ST183_0204:4:41:15558:169035#0/2 45 0 45 0
HWI-ST183_0204:4:25:11631:53615#0/1 44 0 44 1
HWI-ST183_0204:4:25:11631:53615#0/2 32 0 32 13
HWI-ST183_0204:4:63:12546:46749#0/1 45 0 45 0
HWI-ST183_0204:4:63:12546:46749#0/2 45 0 45 0
HWI-ST183_0204:4:48:20707:160221#0/1 45 0 45 0
HWI-ST183_0204:4:48:20707:160221#0/2 0 0 0 0
HWI-ST183_0204:4:5:12779:44392#0/1 45 0 45 0
HWI-ST183_0204:4:5:12779:44392#0/2 45 0 45 0
HWI-ST183_0204:4:47:16366:93092#0/1 45 0 45 0
HWI-ST183_0204:4:47:16366:93092#0/2 45 0 45 0
HWI-ST183_0204:4:64:17844:28620#0/1 44 0 44 1
HWI-ST183_0204:4:64:17844:28620#0/2 45 0 45 0
HWI-ST183_0204:4:4:15381:30069#0/1 45 0 45 0
HWI-ST183_0204:4:4:15381:30069#0/2 45 0 45 0
HWI-ST183_0204:4:62:18735:135170#0/1 45 0 45 0
HWI-ST183_0204:4:62:18735:135170#0/2 45 0 45 0
HWI-ST183_0204:4:66:13015:13979#0/1 45 0 45 0
HWI-ST183_0204:4:66:13015:13979#0/2 45 0 45 0
HWI-ST183_0204:4:67:13679:198880#0/1 39 0 39 6
HWI-ST183_0204:4:67:13679:198880#0/2 45 0 45 0
HWI-ST183_0204:4:63:7842:176552#0/1 45 0 45 0
HWI-ST183_0204:4:63:7842:176552#0/2 45 0 45 0
HWI-ST183_0204:4:41:6962:55088#0/1 45 0 45 0
HWI-ST183_0204:4:41:6962:55088#0/2 45 0 45 0
HWI-ST183_0204:4:42:15613:13013#0/1 45 0 45 0
HWI-ST183_0204:4:42:15613:13013#0/2 45 0 45 0
HWI-ST183_0204:4:42:3251:33766#0/1 45 0 45 0
HWI-ST183_0204:4:42:3251:33766#0/2 45 0 45 0
HWI-ST183_0204:4:6:14817:167040#0/1 45 0 45 0
HWI-ST183_0204:4:6:14817:167040#0/2 45 0 45 0
HWI-ST183_0204:4:27:16242:82138#0/1 45 0 45 0
HWI-ST183_0204:4:27:16242:82138#0/2 45 0 45 0
HWI-ST183_0204:4:4:13229:114881#0/1 45 0 45 0
HWI-ST183_0204:4:4:13229:114881#0/2 45 0 45 0
HWI-ST183_0204:4:23:11628:62031#0/1 29 0 29 16
HWI-ST183_0204:4:23:11628:62031#0/2 34 0 34 11
HWI-ST183_0204:4:63:9876:186949#0/1 45 0 45 0
HWI-ST183_0204:4:63:9876:186949#0/2 45 0 45 0
HWI-ST183_0204:4:62:15403:180476#0/1 45 0 45 0
HWI-ST183_0204:4:62:15403:180476#0/2 45 0 45 0
HWI-ST183_0204:4:26:18688:172653#0/1 45 0 45 0
HWI-ST183_0204:4:26:18688:172653#0/2 45 0 45 0
HWI-ST183_0204:4:3:7746:79067#0/1 45 0 45 0
HWI-ST183_0204:4:3:7746:79067#0/2 45 0 45 0
HWI-ST183_0204:4:21:8820:161438#0/1 45 0 45 0
HWI-ST183_0204:4:21:8820:161438#0/2 45 0 45 0
HWI-ST183_0204:4:63:14677:49031#0/1 45 0 45 0
HWI-ST183_0204:4:63:14677:49031#0/2 0 0 0 0
HWI-ST183_0204:4:62:1700:166185#0/1 45 0 45 0
HWI-ST183_0204:4:62:1700:166185#0/2 43 0 43 2
HWI-ST183_0204:4:22:11241:7027#0/1 43 0 43 2
HWI-ST183_0204:4:22:11241:7027#0/2 39 0 39 6
HWI-ST183_0204:4:3:7291:171232#0/1 45 0 45 0
HWI-ST183_0204:4:3:7291:171232#0/2 45 0 45 0
HWI-ST183_0204:4:61:15436:19509#0/1 45 0 45 0
HWI-ST183_0204:4:61:15436:19509#0/2 45 0 45 0
HWI-ST183_0204:4:6:15200:159699#0/1 45 0 45 0
HWI-ST183_0204:4:6:15200:159699#0/2 37 0 37 8
HWI-ST183_0204:4:26:8333:184999#0/1 45 0 45 0
HWI-ST183_0204:4:26:8333:184999#0/2 45 0 45 0
