HWI-ST183_0204:4:4:1270:90221#0/1 0 0 0 0
HWI-ST183_0204:4:4:1270:90221#0/2 23 0 23 22
HWI-ST183_0204:4:41:3615:165418#0/1 45 0 45 0
HWI-ST183_0204:4:41:3615:165418#0/2 45 0 45 0
HWI-ST183_0204:4:21:13143:122053#0/1 45 0 45 0
HWI-ST183_0204:4:21:13143:122053#0/2 45 0 45 0
HWI-ST183_0204:4:3:15703:76714#0/1 45 0 45 0
HWI-ST183_0204:4:3:15703:76714#0/2 45 0 45 0
HWI-ST183_0204:4:65:19665:173820#0/1 45 0 45 0
HWI-ST183_0204:4:65:19665:173820#0/2 45 0 45 0
HWI-ST183_0204:4:23:3857:58425#0/1 45 0 45 0
HWI-ST183_0204:4:23:3857:58425#0/2 45 0 45 0
HWI-ST183_0204:4:22:17588:57167#0/1 0 0 0 0
HWI-ST183_0204:4:22:17588:57167#0/2 0 0 0 0
HWI-ST183_0204:4:3:21137:50992#0/1 45 0 45 0
HWI-ST183_0204:4:3:21137:50992#0/2 45 0 45 0
HWI-ST183_0204:4:5:16841:187727#0/1 45 0 45 0
HWI-ST183_0204:4:5:16841:187727#0/2 45 0 45 0
HWI-ST183_0204:4:66:7078:141372#0/1 45 0 45 0
HWI-ST183_0204:4:66:7078:141372#0/2 45 0 45 0
HWI-ST183_0204:4:44:2533:158243#0/1 45 0 45 0
HWI-ST183_0204:4:44:2533:158243#0/2 22 0 22 23
HWI-ST183_0204:4:44:17232:74869#0/1 45 0 45 0
HWI-ST183_0204:4:44:17232:74869#0/2 45 0 45 0
HWI-ST183_0204:4:61:10625:77236#0/1 45 0 45 0
HWI-ST183_0204:4:61:10625:77236#0/2 44 0 44 1
HWI-ST183_0204:4:48:10870:104803#0/1 45 0 45 0
HWI-ST183_0204:4:48:10870:104803#0/2 0 0 0 0
HWI-ST183_0204:4:65:5573:164298#0/1 45 0 45 0
HWI-ST183_0204:4:65:5573:164298#0/2 45 0 45 0
HWI-ST183_0204:4:1:13845:87142#0/1 45 0 45 0
HWI-ST183_0204:4:1:13845:87142#0/2 45 0 45 0
HWI-ST183_0204:4:68:7105:83908#0/1 34 0 34 11
HWI-ST183_0204:4:68:7105:83908#0/2 45 0 45 0
HWI-ST183_0204:4:6:19275:129594#0/1 45 0 45 0
HWI-ST183_0204:4:6:19275:129594#0/2 45 0 45 0
HWI-ST183_0204:4:64:5832:139203#0/1 45 0 45 0
HWI-ST183_0204:4:64:5832:139203#0/2 45 0 45 0
HWI-ST183_0204:4:21:11070:58567#0/1 42 0 42 3
HWI-ST183_0204:4:21:11070:58567#0/2 43 0 43 2
HWI-ST183_0204:4:3:20467:35770#0/1 45 0 45 0
HWI-ST183_0204:4:3:20467:35770#0/2 45 0 45 0
HWI-ST183_0204:4:41:8537:36074#0/1 45 0 45 0
HWI-ST183_0204:4:41:8537:36074#0/2 45 0 45 0
HWI-ST183_0204:4:48:2661:30841#0/1 45 0 45 0
HWI-ST183_0204:4:48:2661:30841#0/2 0 0 0 0
HWI-ST183_0204:4:42:8479:53849#0/1 45 0 45 0
HWI-ST183_0204:4:42:8479:53849#0/2 45 0 45 0
HWI-ST183_0204:4:24:10617:19161#0/1 45 0 45 0
HWI-ST183_0204:4:24:10617:19161#0/2 45 0 45 0
HWI-ST183_0204:4:2:1679:116861#0/1 45 0 45 0
HWI-ST183_0204:4:2:1679:116861#0/2 0 0 0 0
HWI-ST183_0204:4:8:7089:83158#0/1 45 0 45 0
HWI-ST183_0204:4:8:7089:83158#0/2 0 0 0 0
HWI-ST183_0204:4:25:19430:69357#0/1 45 0 45 0
HWI-ST183_0204:4:25:19430:69357#0/2 45 0 45 0
HWI-ST183_0204:4:23:3356:172936#0/1 45 0 45 0
HWI-ST183_0204:4:23:3356:172936#0/2 45 0 45 0
HWI-ST183_0204:4:43:21127:35141#0/1 45 0 45 0
HWI-ST183_0204:4:43:21127:35141#0/2 45 0 45 0
HWI-ST183_0204:4:47:9561:145860#0/1 45 0 45 0
HWI-ST183_0204:4:47:9561:145860#0/2 45 0 45 0
HWI-ST183_0204:4:65:2245:138186#0/1 45 0 45 0
HWI-ST183_0204:4:65:2245:138186#0/2 45 0 45 0
HWI-ST183_0204:4:26:1632:109831#0/1 42 0 42 3
HWI-ST183_0204:4:26:1632:109831#0/2 40 0 40 5
HWI-ST183_0204:4:1:16026:149232#0/1 34 0 34 11
HWI-ST183_0204:4:1:16026:149232#0/2 0 0 0 0
HWI-ST183_0204:4:41:17274:84006#0/1 45 0 45 0
HWI-ST183_0204:4:41:17274:84006#0/2 45 0 45 0
HWI-ST183_0204:4:67:7580:166893#0/1 0 0 0 0
HWI-ST183_0204:4:67:7580:166893#0/2 0 0 0 0
HWI-ST183_0204:4:47:17837:136000#0/1 45 0 45 0
HWI-ST183_0204:4:47:17837:136000#0/2 45 0 45 0
HWI-ST183_0204:4:42:16324:133495#0/1 45 0 45 0
HWI-ST183_0204:4:42:16324:133495#0/2 45 0 45 0
HWI-ST183_0204:4:23:2498:185087#0/1 45 0 45 0
HWI-ST183_0204:4:23:2498:185087#0/2 34 0 34 11
HWI-ST183_0204:4:68:6855:84981#0/1 45 0 45 0
HWI-ST183_0204:4:68:6855:84981#0/2 42 0 42 3
HWI-ST183_0204:4:22:16674:152112#0/1 45 0 45 0
HWI-ST183_0204:4:22:16674:152112#0/2 45 0 45 0
HWI-ST183_0204:4:43:9857:33040#0/1 45 0 45 0
HWI-ST183_0204:4:43:9857:33040#0/2 45 0 45 0
HWI-ST183_0204:4:42:13033:48210#0/1 0 0 0 0
HWI-ST183_0204:4:42:13033:48210#0/2 43 0 43 2
HWI-ST183_0204:4:42:7410:152283#0/1 45 0 45 0
HWI-ST183_0204:4:42:7410:152283#0/2 45 0 45 0
HWI-ST183_0204:4:2:17277:132460#0/1 45 0 45 0
HWI-ST183_0204:4:2:17277:132460#0/2 45 0 45 0
HWI-ST183_0204:4:23:4717:6578#0/1 45 0 45 0
HWI-ST183_0204:4:23:4717:6578#0/2 45 0 45 0
HWI-ST183_0204:4:8:15361:176410#0/1 45 0 45 0
HWI-ST183_0204:4:8:15361:176410#0/2 0 0 0 0
HWI-ST183_0204:4:21:16180:135281#0/1 44 0 44 1
HWI-ST183_0204:4:21:16180:135281#0/2 45 0 45 0
HWI-ST183_0204:4:23:12191:181671#0/1 45 0 45 0
HWI-ST183_0204:4:23:12191:181671#0/2 45 0 45 0
HWI-ST183_0204:4:68:18343:132131#0/1 0 0 0 0
HWI-ST183_0204:4:68:18343:132131#0/2 0 0 0 0
HWI-ST183_0204:4:45:4331:174291#0/1 45 0 45 0
HWI-ST183_0204:4:45:4331:174291#0/2 0 0 0 0
HWI-ST183_0204:4:6:5554:130291#0/1 45 0 45 0
HWI-ST183_0204:4:6:5554:130291#0/2 45 0 45 0
HWI-ST183_0204:4:63:12118:132983#0/1 45 0 45 0
HWI-ST183_0204:4:63:12118:132983#0/2 45 0 45 0
HWI-ST183_0204:4:43:19957:32247#0/1 45 0 45 0
HWI-ST183_0204:4:43:19957:32247#0/2 45 0 45 0
HWI-ST183_0204:4:47:18654:164764#0/1 45 0 45 0
HWI-ST183_0204:4:47:18654:164764#0/2 45 0 45 0
HWI-ST183_0204:4:42:11470:70173#0/1 45 0 45 0
HWI-ST183_0204:4:42:11470:70173#0/2 45 0 45 0
HWI-ST183_0204:4:44:2058:25983#0/1 35 0 35 10
HWI-ST183_0204:4:44:2058:25983#0/2 39 0 39 6
HWI-ST183_0204:4:3:9424:9847#0/1 45 0 45 0
HWI-ST183_0204:4:3:9424:9847#0/2 45 0 45 0
HWI-ST183_0204:4:61:10442:55816#0/1 45 0 45 0
HWI-ST183_0204:4:61:10442:55816#0/2 45 0 45 0
HWI-ST183_0204:4:61:21299:86468#0/1 24 0 24 21
HWI-ST183_0204:4:61:21299:86468#0/2 0 0 0 0
HWI-ST183_0204:4:23:2438:170433#0/1 45 0 45 0
HWI-ST183_0204:4:23:2438:170433#0/2 45 0 45 0
HWI-ST183_0204:4:68:3448:184829#0/1 45 0 45 0
HWI-ST183_0204:4:68:3448:184829#0/2 38 0 38 7
HWI-ST183_0204:4:42:12161:66371#0/1 45 0 45 0
HWI-ST183_0204:4:42:12161:66371#0/2 34 0 34 11
HWI-ST183_0204:4:4:12492:172379#0/1 45 0 45 0
HWI-ST183_0204:4:4:12492:172379#0/2 45 0 45 0
HWI-ST183_0204:4:24:14531:187990#0/1 33 0 33 12
HWI-ST183_0204:4:24:14531:187990#0/2 45 0 45 0
HWI-ST183_0204:4:68:3388:192691#0/1 45 0 45 0
HWI-ST183_0204:4:68:3388:192691#0/2 45 0 45 0
HWI-ST183_0204:4:48:19172:14038#0/1 45 0 45 0
HWI-ST183_0204:4:48:19172:14038#0/2 0 0 0 0
HWI-ST183_0204:4:24:4564:41142#0/1 43 0 43 2
HWI-ST183_0204:4:24:4564:41142#0/2 45 0 45 0
HWI-ST183_0204:4:2:16385:192425#0/1 34 0 34 11
HWI-ST183_0204:4:2:16385:192425#0/2 45 0 45 0
HWI-ST183_0204:4:43:7301:82157#0/1 40 0 40 5
HWI-ST183_0204:4:43:7301:82157#0/2 40 0 40 5
HWI-ST183_0204:4:67:17745:112823#0/1 39 0 39 6
HWI-ST183_0204:4:67:17745:112823#0/2 45 0 45 0
HWI-ST183_0204:4:5:15840:150174#0/1 45 0 45 0
HWI-ST183_0204:4:5:15840:150174#0/2 45 0 45 0
HWI-ST183_0204:4:42:9877:6799#0/1 45 0 45 0
HWI-ST183_0204:4:42:9877:6799#0/2 45 0 45 0
HWI-ST183_0204:4:63:14706:187343#0/1 45 0 45 0
HWI-ST183_0204:4:63:14706:187343#0/2 39 0 39 6
HWI-ST183_0204:4:68:15677:93115#0/1 45 0 45 0
HWI-ST183_0204:4:68:15677:93115#0/2 45 0 45 0
HWI-ST183_0204:4:45:7637:128468#0/1 45 0 45 0
HWI-ST183_0204:4:45:7637:128468#0/2 45 0 45 0
HWI-ST183_0204:4:3:11392:53554#0/1 45 0 45 0
HWI-ST183_0204:4:3:11392:53554#0/2 45 0 45 0
HWI-ST183_0204:4:62:16104:200169#0/1 45 0 45 0
HWI-ST183_0204:4:62:16104:200169#0/2 45 0 45 0
HWI-ST183_0204:4:45:14328:99311#0/1 44 0 44 1
HWI-ST183_0204:4:45:14328:99311#0/2 45 0 45 0
HWI-ST183_0204:4:61:14192:93127#0/1 45 0 45 0
HWI-ST183_0204:4:61:14192:93127#0/2 45 0 45 0
HWI-ST183_0204:4:23:7153:80921#0/1 45 0 45 0
HWI-ST183_0204:4:23:7153:80921#0/2 45 0 45 0
HWI-ST183_0204:4:4:5881:62891#0/1 45 0 45 0
HWI-ST183_0204:4:4:5881:62891#0/2 0 0 0 0
HWI-ST183_0204:4:65:19023:55069#0/1 45 0 45 0
HWI-ST183_0204:4:65:19023:55069#0/2 29 0 29 16
HWI-ST183_0204:4:25:6721:162672#0/1 45 0 45 0
HWI-ST183_0204:4:25:6721:162672#0/2 45 0 45 0
HWI-ST183_0204:4:2:5399:66017#0/1 45 0 45 0
HWI-ST183_0204:4:2:5399:66017#0/2 45 0 45 0
HWI-ST183_0204:4:48:5841:109748#0/1 45 0 45 0
HWI-ST183_0204:4:48:5841:109748#0/2 0 0 0 0
HWI-ST183_0204:4:6:12777:22442#0/1 45 0 45 0
HWI-ST183_0204:4:6:12777:22442#0/2 0 0 0 0
HWI-ST183_0204:4:25:20609:23194#0/1 45 0 45 0
HWI-ST183_0204:4:25:20609:23194#0/2 39 0 39 6
HWI-ST183_0204:4:2:17461:75556#0/1 45 0 45 0
HWI-ST183_0204:4:2:17461:75556#0/2 45 0 45 0
HWI-ST183_0204:4:44:8743:46840#0/1 45 0 45 0
HWI-ST183_0204:4:44:8743:46840#0/2 45 0 45 0
HWI-ST183_0204:4:2:1694:127211#0/1 45 0 45 0
HWI-ST183_0204:4:2:1694:127211#0/2 29 0 29 16
HWI-ST183_0204:4:43:4725:120352#0/1 45 0 45 0
HWI-ST183_0204:4:43:4725:120352#0/2 45 0 45 0
HWI-ST183_0204:4:64:9504:199337#0/1 45 0 45 0
HWI-ST183_0204:4:64:9504:199337#0/2 45 0 45 0
HWI-ST183_0204:4:61:3702:160117#0/1 45 0 45 0
HWI-ST183_0204:4:61:3702:160117#0/2 45 0 45 0
HWI-ST183_0204:4:21:10164:16798#0/1 45 0 45 0
HWI-ST183_0204:4:21:10164:16798#0/2 45 0 45 0
HWI-ST183_0204:4:41:15996:188927#0/1 45 0 45 0
HWI-ST183_0204:4:41:15996:188927#0/2 45 0 45 0
HWI-ST183_0204:4:65:14811:131620#0/1 45 0 45 0
HWI-ST183_0204:4:65:14811:131620#0/2 45 0 45 0
HWI-ST183_0204:4:61:14877:143808#0/1 45 0 45 0
HWI-ST183_0204:4:61:14877:143808#0/2 45 0 45 0
HWI-ST183_0204:4:3:11532:69978#0/1 45 0 45 0
HWI-ST183_0204:4:3:11532:69978#0/2 37 0 37 8
HWI-ST183_0204:4:2:8398:95070#0/1 45 0 45 0
HWI-ST183_0204:4:2:8398:95070#0/2 45 0 45 0
HWI-ST183_0204:4:6:16318:61561#0/1 45 0 45 0
HWI-ST183_0204:4:6:16318:61561#0/2 45 0 45 0
HWI-ST183_0204:4:68:4652:60805#0/1 45 0 45 0
HWI-ST183_0204:4:68:4652:60805#0/2 31 0 31 14
HWI-ST183_0204:4:1:14491:117265#0/1 34 0 34 11
HWI-ST183_0204:4:1:14491:117265#0/2 45 0 45 0
HWI-ST183_0204:4:27:18850:6983#0/1 45 0 45 0
HWI-ST183_0204:4:27:18850:6983#0/2 45 0 45 0
HWI-ST183_0204:4:24:18022:189284#0/1 45 0 45 0
HWI-ST183_0204:4:24:18022:189284#0/2 45 0 45 0
HWI-ST183_0204:4:64:15442:30672#0/1 45 0 45 0
HWI-ST183_0204:4:64:15442:30672#0/2 45 0 45 0
HWI-ST183_0204:4:65:16587:40491#0/1 33 0 33 12
HWI-ST183_0204:4:65:16587:40491#0/2 45 0 45 0
HWI-ST183_0204:4:21:8396:185234#0/1 45 0 45 0
HWI-ST183_0204:4:21:8396:185234#0/2 43 0 43 2
HWI-ST183_0204:4:8:13446:29049#0/1 45 0 45 0
HWI-ST183_0204:4:8:13446:29049#0/2 45 0 45 0
HWI-ST183_0204:4:5:9417:155759#0/1 45 0 45 0
HWI-ST183_0204:4:5:9417:155759#0/2 45 0 45 0
HWI-ST183_0204:4:48:20943:39408#0/1 45 0 45 0
HWI-ST183_0204:4:48:20943:39408#0/2 0 0 0 0
HWI-ST183_0204:4:41:7727:193569#0/1 29 0 29 16
HWI-ST183_0204:4:41:7727:193569#0/2 20 0 20 25
HWI-ST183_0204:4:23:6919:47919#0/1 45 0 45 0
HWI-ST183_0204:4:23:6919:47919#0/2 0 0 0 0
HWI-ST183_0204:4:23:19156:96311#0/1 45 0 45 0
HWI-ST183_0204:4:23:19156:96311#0/2 45 0 45 0
HWI-ST183_0204:4:61:4977:178077#0/1 45 0 45 0
HWI-ST183_0204:4:61:4977:178077#0/2 45 0 45 0
HWI-ST183_0204:4:3:5152:78787#0/1 0 0 0 0
HWI-ST183_0204:4:3:5152:78787#0/2 24 0 24 21
HWI-ST183_0204:4:4:17337:161383#0/1 45 0 45 0
HWI-ST183_0204:4:4:17337:161383#0/2 0 0 0 0
HWI-ST183_0204:4:44:12423:150855#0/1 45 0 45 0
HWI-ST183_0204:4:44:12423:150855#0/2 32 0 32 13
HWI-ST183_0204:4:22:1766:98091#0/1 0 0 0 0
HWI-ST183_0204:4:22:1766:98091#0/2 45 0 45 0
HWI-ST183_0204:4:62:2863:144119#0/1 45 0 45 0
HWI-ST183_0204:4:62:2863:144119#0/2 45 0 45 0
HWI-ST183_0204:4:62:14963:80220#0/1 45 0 45 0
HWI-ST183_0204:4:62:14963:80220#0/2 45 0 45 0
HWI-ST183_0204:4:47:3602:128730#0/1 0 0 0 0
HWI-ST183_0204:4:47:3602:128730#0/2 28 0 28 17
HWI-ST183_0204:4:47:4075:154308#0/1 45 0 45 0
HWI-ST183_0204:4:47:4075:154308#0/2 45 0 45 0
HWI-ST183_0204:4:63:19760:142553#0/1 45 0 45 0
HWI-ST183_0204:4:63:19760:142553#0/2 44 0 44 1
HWI-ST183_0204:4:23:17936:65368#0/1 45 0 45 0
HWI-ST183_0204:4:23:17936:65368#0/2 45 0 45 0
HWI-ST183_0204:4:23:19676:20154#0/1 45 0 45 0
HWI-ST183_0204:4:23:19676:20154#0/2 34 0 34 11
HWI-ST183_0204:4:43:3151:132911#0/1 45 0 45 0
HWI-ST183_0204:4:43:3151:132911#0/2 38 0 38 7
HWI-ST183_0204:4:3:5935:144258#0/1 45 0 45 0
HWI-ST183_0204:4:3:5935:144258#0/2 45 0 45 0
HWI-ST183_0204:4:64:6582:61738#0/1 45 0 45 0
HWI-ST183_0204:4:64:6582:61738#0/2 45 0 45 0
HWI-ST183_0204:4:3:18707:131316#0/1 45 0 45 0
HWI-ST183_0204:4:3:18707:131316#0/2 45 0 45 0
HWI-ST183_0204:4:68:1462:87390#0/1 45 0 45 0
HWI-ST183_0204:4:68:1462:87390#0/2 45 0 45 0
HWI-ST183_0204:4:61:11694:60777#0/1 42 0 42 3
HWI-ST183_0204:4:61:11694:60777#0/2 43 0 43 2
HWI-ST183_0204:4:63:9837:7905#0/1 45 0 45 0
HWI-ST183_0204:4:63:9837:7905#0/2 45 0 45 0
HWI-ST183_0204:4:41:3985:42009#0/1 45 0 45 0
HWI-ST183_0204:4:41:3985:42009#0/2 32 0 32 13
HWI-ST183_0204:4:2:14234:137043#0/1 45 0 45 0
HWI-ST183_0204:4:2:14234:137043#0/2 45 0 45 0
HWI-ST183_0204:4:43:1450:132563#0/1 45 0 45 0
HWI-ST183_0204:4:43:1450:132563#0/2 43 0 43 2
HWI-ST183_0204:4:48:10122:14020#0/1 45 0 45 0
HWI-ST183_0204:4:48:10122:14020#0/2 0 0 0 0
HWI-ST183_0204:4:62:11162:80021#0/1 45 0 45 0
HWI-ST183_0204:4:62:11162:80021#0/2 38 0 38 7
HWI-ST183_0204:4:61:13544:118076#0/1 45 0 45 0
HWI-ST183_0204:4:61:13544:118076#0/2 45 0 45 0
HWI-ST183_0204:4:3:8040:27058#0/1 45 0 45 0
HWI-ST183_0204:4:3:8040:27058#0/2 45 0 45 0
HWI-ST183_0204:4:21:11367:58520#0/1 45 0 45 0
HWI-ST183_0204:4:21:11367:58520#0/2 45 0 45 0
HWI-ST183_0204:4:65:12989:13712#0/1 45 0 45 0
HWI-ST183_0204:4:65:12989:13712#0/2 45 0 45 0
HWI-ST183_0204:4:68:10146:133151#0/1 45 0 45 0
HWI-ST183_0204:4:68:10146:133151#0/2 45 0 45 0
HWI-ST183_0204:4:4:12150:105871#0/1 45 0 45 0
HWI-ST183_0204:4:4:12150:105871#0/2 45 0 45 0
HWI-ST183_0204:4:48:9767:62935#0/1 45 0 45 0
HWI-ST183_0204:4:48:9767:62935#0/2 0 0 0 0
HWI-ST183_0204:4:63:4085:22068#0/1 45 0 45 0
HWI-ST183_0204:4:63:4085:22068#0/2 45 0 45 0
HWI-ST183_0204:4:22:4661:54619#0/1 31 0 31 14
HWI-ST183_0204:4:22:4661:54619#0/2 45 0 45 0
HWI-ST183_0204:4:47:18400:116026#0/1 45 0 45 0
HWI-ST183_0204:4:47:18400:116026#0/2 45 0 45 0
HWI-ST183_0204:4:26:5850:197315#0/1 45 0 45 0
HWI-ST183_0204:4:26:5850:197315#0/2 45 0 45 0
HWI-ST183_0204:4:27:10360:96665#0/1 45 0 45 0
HWI-ST183_0204:4:27:10360:96665#0/2 45 0 45 0
HWI-ST183_0204:4:6:7600:54592#0/1 45 0 45 0
HWI-ST183_0204:4:6:7600:54592#0/2 45 0 45 0
HWI-ST183_0204:4:64:15232:39503#0/1 45 0 45 0
HWI-ST183_0204:4:64:15232:39503#0/2 45 0 45 0
HWI-ST183_0204:4:21:9531:192130#0/1 45 0 45 0
HWI-ST183_0204:4:21:9531:192130#0/2 45 0 45 0
HWI-ST183_0204:4:24:19888:160891#0/1 45 0 45 0
HWI-ST183_0204:4:24:19888:160891#0/2 45 0 45 0
HWI-ST183_0204:4:66:19899:32239#0/1 45 0 45 0
HWI-ST183_0204:4:66:19899:32239#0/2 45 0 45 0
HWI-ST183_0204:4:23:14537:48176#0/1 44 0 44 1
HWI-ST183_0204:4:23:14537:48176#0/2 41 0 41 4
HWI-ST183_0204:4:48:11918:91548#0/1 45 0 45 0
HWI-ST183_0204:4:48:11918:91548#0/2 0 0 0 0
HWI-ST183_0204:4:66:17802:45452#0/1 45 0 45 0
HWI-ST183_0204:4:66:17802:45452#0/2 45 0 45 0
HWI-ST183_0204:4:43:5307:156339#0/1 43 0 43 2
HWI-ST183_0204:4:43:5307:156339#0/2 25 0 25 20
HWI-ST183_0204:4:47:6220:32737#0/1 45 0 45 0
HWI-ST183_0204:4:47:6220:32737#0/2 45 0 45 0
HWI-ST183_0204:4:1:19768:35550#0/1 24 0 24 21
HWI-ST183_0204:4:1:19768:35550#0/2 45 0 45 0
HWI-ST183_0204:4:4:2111:74213#0/1 45 0 45 0
HWI-ST183_0204:4:4:2111:74213#0/2 45 0 45 0
HWI-ST183_0204:4:25:15548:143377#0/1 45 0 45 0
HWI-ST183_0204:4:25:15548:143377#0/2 45 0 45 0
HWI-ST183_0204:4:1:21114:77643#0/1 45 0 45 0
HWI-ST183_0204:4:1:21114:77643#0/2 45 0 45 0
HWI-ST183_0204:4:4:16583:37330#0/1 24 0 24 21
HWI-ST183_0204:4:4:16583:37330#0/2 0 0 0 0
HWI-ST183_0204:4:68:10542:196329#0/1 45 0 45 0
HWI-ST183_0204:4:68:10542:196329#0/2 45 0 45 0
HWI-ST183_0204:4:68:5951:33412#0/1 45 0 45 0
HWI-ST183_0204:4:68:5951:33412#0/2 36 0 36 9
HWI-ST183_0204:4:21:3479:192706#0/1 38 0 38 7
HWI-ST183_0204:4:21:3479:192706#0/2 45 0 45 0
HWI-ST183_0204:4:47:15415:25878#0/1 45 0 45 0
HWI-ST183_0204:4:47:15415:25878#0/2 45 0 45 0
HWI-ST183_0204:4:2:13760:11571#0/1 45 0 45 0
HWI-ST183_0204:4:2:13760:11571#0/2 45 0 45 0
HWI-ST183_0204:4:23:12976:196297#0/1 45 0 45 0
HWI-ST183_0204:4:23:12976:196297#0/2 45 0 45 0
HWI-ST183_0204:4:6:10958:155550#0/1 45 0 45 0
HWI-ST183_0204:4:6:10958:155550#0/2 45 0 45 0
HWI-ST183_0204:4:27:2851:21013#0/1 45 0 45 0
HWI-ST183_0204:4:27:2851:21013#0/2 45 0 45 0
HWI-ST183_0204:4:61:11861:45063#0/1 45 0 45 0
HWI-ST183_0204:4:61:11861:45063#0/2 45 0 45 0
HWI-ST183_0204:4:25:1249:73300#0/1 45 0 45 0
HWI-ST183_0204:4:25:1249:73300#0/2 45 0 45 0
HWI-ST183_0204:4:47:19539:169916#0/1 45 0 45 0
HWI-ST183_0204:4:47:19539:169916#0/2 45 0 45 0
HWI-ST183_0204:4:48:1828:73486#0/1 38 0 38 7
HWI-ST183_0204:4:48:1828:73486#0/2 0 0 0 0
HWI-ST183_0204:4:2:19150:82989#0/1 45 0 45 0
HWI-ST183_0204:4:2:19150:82989#0/2 45 0 45 0
HWI-ST183_0204:4:67:10469:73687#0/1 45 0 45 0
HWI-ST183_0204:4:67:10469:73687#0/2 45 0 45 0
HWI-ST183_0204:4:2:14483:99907#0/1 45 0 45 0
HWI-ST183_0204:4:2:14483:99907#0/2 45 0 45 0
HWI-ST183_0204:4:68:10233:62690#0/1 45 0 45 0
HWI-ST183_0204:4:68:10233:62690#0/2 45 0 45 0
HWI-ST183_0204:4:65:19053:102287#0/1 45 0 45 0
HWI-ST183_0204:4:65:19053:102287#0/2 33 0 33 12
HWI-ST183_0204:4:22:9918:78527#0/1 45 0 45 0
HWI-ST183_0204:4:22:9918:78527#0/2 45 0 45 0
HWI-ST183_0204:4:24:14040:88335#0/1 45 0 45 0
HWI-ST183_0204:4:24:14040:88335#0/2 45 0 45 0
HWI-ST183_0204:4:4:12534:120032#0/1 45 0 45 0
HWI-ST183_0204:4:4:12534:120032#0/2 45 0 45 0
HWI-ST183_0204:4:68:6172:50860#0/1 45 0 45 0
HWI-ST183_0204:4:68:6172:50860#0/2 45 0 45 0
HWI-ST183_0204:4:3:14537:153053#0/1 43 0 43 2
HWI-ST183_0204:4:3:14537:153053#0/2 45 0 45 0
HWI-ST183_0204:4:22:8287:174530#0/1 45 0 45 0
HWI-ST183_0204:4:22:8287:174530#0/2 45 0 45 0
HWI-ST183_0204:4:41:4056:38991#0/1 39 0 39 6
HWI-ST183_0204:4:41:4056:38991#0/2 36 0 36 9
HWI-ST183_0204:4:3:9768:130938#0/1 45 0 45 0
HWI-ST183_0204:4:3:9768:130938#0/2 45 0 45 0
HWI-ST183_0204:4:2:20433:124928#0/1 45 0 45 0
HWI-ST183_0204:4:2:20433:124928#0/2 45 0 45 0
HWI-ST183_0204:4:63:7111:37003#0/1 45 0 45 0
HWI-ST183_0204:4:63:7111:37003#0/2 45 0 45 0
HWI-ST183_0204:4:21:19535:20051#0/1 31 0 31 14
HWI-ST183_0204:4:21:19535:20051#0/2 32 0 32 13
HWI-ST183_0204:4:67:5993:89221#0/1 0 0 0 0
HWI-ST183_0204:4:67:5993:89221#0/2 0 0 0 0
HWI-ST183_0204:4:68:8645:152784#0/1 45 0 45 0
HWI-ST183_0204:4:68:8645:152784#0/2 45 0 45 0
HWI-ST183_0204:4:48:7860:82122#0/1 38 0 38 7
HWI-ST183_0204:4:48:7860:82122#0/2 0 0 0 0
HWI-ST183_0204:4:8:7837:52672#0/1 45 0 45 0
HWI-ST183_0204:4:8:7837:52672#0/2 45 0 45 0
HWI-ST183_0204:4:43:21308:32394#0/1 45 0 45 0
HWI-ST183_0204:4:43:21308:32394#0/2 45 0 45 0
HWI-ST183_0204:4:43:2391:39125#0/1 45 0 45 0
HWI-ST183_0204:4:43:2391:39125#0/2 24 0 24 21
HWI-ST183_0204:4:43:14820:13842#0/1 45 0 45 0
HWI-ST183_0204:4:43:14820:13842#0/2 45 0 45 0
HWI-ST183_0204:4:22:19006:154784#0/1 28 0 28 17
HWI-ST183_0204:4:22:19006:154784#0/2 0 0 0 0
HWI-ST183_0204:4:41:10213:186518#0/1 45 0 45 0
HWI-ST183_0204:4:41:10213:186518#0/2 45 0 45 0
HWI-ST183_0204:4:4:11184:61795#0/1 45 0 45 0
HWI-ST183_0204:4:4:11184:61795#0/2 33 0 33 12
HWI-ST183_0204:4:42:13270:112473#0/1 45 0 45 0
HWI-ST183_0204:4:42:13270:112473#0/2 45 0 45 0
HWI-ST183_0204:4:22:8392:81871#0/1 45 0 45 0
HWI-ST183_0204:4:22:8392:81871#0/2 45 0 45 0
HWI-ST183_0204:4:42:19606:94960#0/1 45 0 45 0
HWI-ST183_0204:4:42:19606:94960#0/2 45 0 45 0
HWI-ST183_0204:4:25:13755:111711#0/1 45 0 45 0
HWI-ST183_0204:4:25:13755:111711#0/2 45 0 45 0
HWI-ST183_0204:4:65:17500:196921#0/1 45 0 45 0
HWI-ST183_0204:4:65:17500:196921#0/2 45 0 45 0
HWI-ST183_0204:4:25:19945:81039#0/1 45 0 45 0
HWI-ST183_0204:4:25:19945:81039#0/2 45 0 45 0
HWI-ST183_0204:4:5:7644:20449#0/1 45 0 45 0
HWI-ST183_0204:4:5:7644:20449#0/2 45 0 45 0
HWI-ST183_0204:4:67:6110:109224#0/1 45 0 45 0
HWI-ST183_0204:4:67:6110:109224#0/2 45 0 45 0
HWI-ST183_0204:4:44:14791:161152#0/1 45 0 45 0
HWI-ST183_0204:4:44:14791:161152#0/2 45 0 45 0
HWI-ST183_0204:4:8:14614:199059#0/1 45 0 45 0
HWI-ST183_0204:4:8:14614:199059#0/2 45 0 45 0
HWI-ST183_0204:4:23:19244:108682#0/1 45 0 45 0
HWI-ST183_0204:4:23:19244:108682#0/2 45 0 45 0
HWI-ST183_0204:4:65:19744:112816#0/1 45 0 45 0
HWI-ST183_0204:4:65:19744:112816#0/2 34 0 34 11
HWI-ST183_0204:4:67:6410:127460#0/1 45 0 45 0
HWI-ST183_0204:4:67:6410:127460#0/2 45 0 45 0
HWI-ST183_0204:4:25:1242:20519#0/1 45 0 45 0
HWI-ST183_0204:4:25:1242:20519#0/2 45 0 45 0
HWI-ST183_0204:4:25:11541:102240#0/1 45 0 45 0
HWI-ST183_0204:4:25:11541:102240#0/2 0 0 0 0
HWI-ST183_0204:4:43:4018:107765#0/1 45 0 45 0
HWI-ST183_0204:4:43:4018:107765#0/2 45 0 45 0
HWI-ST183_0204:4:3:16994:47501#0/1 45 0 45 0
HWI-ST183_0204:4:3:16994:47501#0/2 45 0 45 0
HWI-ST183_0204:4:67:4492:149520#0/1 45 0 45 0
HWI-ST183_0204:4:67:4492:149520#0/2 45 0 45 0
HWI-ST183_0204:4:6:12255:48051#0/1 45 0 45 0
HWI-ST183_0204:4:6:12255:48051#0/2 45 0 45 0
HWI-ST183_0204:4:4:16651:27972#0/1 45 0 45 0
HWI-ST183_0204:4:4:16651:27972#0/2 45 0 45 0
HWI-ST183_0204:4:43:5198:20956#0/1 45 0 45 0
HWI-ST183_0204:4:43:5198:20956#0/2 22 0 22 23
HWI-ST183_0204:4:8:6703:127249#0/1 39 0 39 6
HWI-ST183_0204:4:8:6703:127249#0/2 45 0 45 0
HWI-ST183_0204:4:4:10721:2582#0/1 45 0 45 0
HWI-ST183_0204:4:4:10721:2582#0/2 45 0 45 0
HWI-ST183_0204:4:65:1161:8505#0/1 45 0 45 0
HWI-ST183_0204:4:65:1161:8505#0/2 44 0 44 1
HWI-ST183_0204:4:23:3162:2471#0/1 45 0 45 0
HWI-ST183_0204:4:23:3162:2471#0/2 45 0 45 0
HWI-ST183_0204:4:6:18399:52043#0/1 45 0 45 0
HWI-ST183_0204:4:6:18399:52043#0/2 45 0 45 0
HWI-ST183_0204:4:2:21078:38971#0/1 45 0 45 0
HWI-ST183_0204:4:2:21078:38971#0/2 45 0 45 0
HWI-ST183_0204:4:4:14844:64531#0/1 45 0 45 0
HWI-ST183_0204:4:4:14844:64531#0/2 45 0 45 0
HWI-ST183_0204:4:43:17050:192575#0/1 45 0 45 0
HWI-ST183_0204:4:43:17050:192575#0/2 45 0 45 0
HWI-ST183_0204:4:23:12808:195716#0/1 45 0 45 0
HWI-ST183_0204:4:23:12808:195716#0/2 45 0 45 0
HWI-ST183_0204:4:61:5502:20599#0/1 45 0 45 0
HWI-ST183_0204:4:61:5502:20599#0/2 45 0 45 0
HWI-ST183_0204:4:44:10659:33739#0/1 28 0 28 17
HWI-ST183_0204:4:44:10659:33739#0/2 45 0 45 0
HWI-ST183_0204:4:63:5275:16697#0/1 45 0 45 0
HWI-ST183_0204:4:63:5275:16697#0/2 45 0 45 0
HWI-ST183_0204:4:68:11759:62072#0/1 45 0 45 0
HWI-ST183_0204:4:68:11759:62072#0/2 45 0 45 0
HWI-ST183_0204:4:62:19498:107372#0/1 39 0 39 6
HWI-ST183_0204:4:62:19498:107372#0/2 45 0 45 0
HWI-ST183_0204:4:21:12922:6570#0/1 45 0 45 0
HWI-ST183_0204:4:21:12922:6570#0/2 39 0 39 6
HWI-ST183_0204:4:1:15141:17413#0/1 43 0 43 2
HWI-ST183_0204:4:1:15141:17413#0/2 45 0 45 0
HWI-ST183_0204:4:68:14534:87120#0/1 45 0 45 0
HWI-ST183_0204:4:68:14534:87120#0/2 37 0 37 8
HWI-ST183_0204:4:48:8168:146435#0/1 45 0 45 0
HWI-ST183_0204:4:48:8168:146435#0/2 0 0 0 0
HWI-ST183_0204:4:44:6969:156868#0/1 45 0 45 0
HWI-ST183_0204:4:44:6969:156868#0/2 45 0 45 0
HWI-ST183_0204:4:22:12870:171506#0/1 38 0 38 7
HWI-ST183_0204:4:22:12870:171506#0/2 0 0 0 0
HWI-ST183_0204:4:3:8269:60698#0/1 45 0 45 0
HWI-ST183_0204:4:3:8269:60698#0/2 45 0 45 0
HWI-ST183_0204:4:42:16808:87361#0/1 45 0 45 0
HWI-ST183_0204:4:42:16808:87361#0/2 45 0 45 0
HWI-ST183_0204:4:25:9944:68419#0/1 45 0 45 0
HWI-ST183_0204:4:25:9944:68419#0/2 45 0 45 0
HWI-ST183_0204:4:22:8541:100234#0/1 45 0 45 0
HWI-ST183_0204:4:22:8541:100234#0/2 45 0 45 0
HWI-ST183_0204:4:42:12817:118698#0/1 45 0 45 0
HWI-ST183_0204:4:42:12817:118698#0/2 45 0 45 0
HWI-ST183_0204:4:46:14189:155976#0/1 45 0 45 0
HWI-ST183_0204:4:46:14189:155976#0/2 45 0 45 0
HWI-ST183_0204:4:27:10929:147693#0/1 45 0 45 0
HWI-ST183_0204:4:27:10929:147693#0/2 45 0 45 0
HWI-ST183_0204:4:63:6811:11890#0/1 45 0 45 0
HWI-ST183_0204:4:63:6811:11890#0/2 45 0 45 0
HWI-ST183_0204:4:4:18532:29880#0/1 45 0 45 0
HWI-ST183_0204:4:4:18532:29880#0/2 45 0 45 0
HWI-ST183_0204:4:65:15045:45940#0/1 45 0 45 0
HWI-ST183_0204:4:65:15045:45940#0/2 45 0 45 0
HWI-ST183_0204:4:25:7210:172808#0/1 45 0 45 0
HWI-ST183_0204:4:25:7210:172808#0/2 45 0 45 0
HWI-ST183_0204:4:21:16117:104919#0/1 45 0 45 0
HWI-ST183_0204:4:21:16117:104919#0/2 45 0 45 0
HWI-ST183_0204:4:6:6176:123429#0/1 45 0 45 0
HWI-ST183_0204:4:6:6176:123429#0/2 45 0 45 0
HWI-ST183_0204:4:64:13942:179826#0/1 45 0 45 0
HWI-ST183_0204:4:64:13942:179826#0/2 45 0 45 0
HWI-ST183_0204:4:48:7482:26097#0/1 45 0 45 0
HWI-ST183_0204:4:48:7482:26097#0/2 0 0 0 0
HWI-ST183_0204:4:25:8198:196960#0/1 38 0 38 7
HWI-ST183_0204:4:25:8198:196960#0/2 0 0 0 0
HWI-ST183_0204:4:44:9789:170608#0/1 45 0 45 0
HWI-ST183_0204:4:44:9789:170608#0/2 45 0 45 0
HWI-ST183_0204:4:66:13154:28773#0/1 45 0 45 0
HWI-ST183_0204:4:66:13154:28773#0/2 45 0 45 0
HWI-ST183_0204:4:4:3074:112315#0/1 45 0 45 0
HWI-ST183_0204:4:4:3074:112315#0/2 44 0 44 1
HWI-ST183_0204:4:68:18829:136118#0/1 39 0 39 6
HWI-ST183_0204:4:68:18829:136118#0/2 33 0 33 12
HWI-ST183_0204:4:67:14025:48784#0/1 45 0 45 0
HWI-ST183_0204:4:67:14025:48784#0/2 45 0 45 0
HWI-ST183_0204:4:45:11499:150184#0/1 45 0 45 0
HWI-ST183_0204:4:45:11499:150184#0/2 45 0 45 0
HWI-ST183_0204:4:25:10369:14448#0/1 45 0 45 0
HWI-ST183_0204:4:25:10369:14448#0/2 45 0 45 0
HWI-ST183_0204:4:25:19469:188280#0/1 41 0 41 4
HWI-ST183_0204:4:25:19469:188280#0/2 0 0 0 0
HWI-ST183_0204:4:5:2212:104596#0/1 23 0 23 22
HWI-ST183_0204:4:5:2212:104596#0/2 33 0 33 12
HWI-ST183_0204:4:63:10410:139992#0/1 45 0 45 0
HWI-ST183_0204:4:63:10410:139992#0/2 45 0 45 0
HWI-ST183_0204:4:61:4973:194259#0/1 34 0 34 11
HWI-ST183_0204:4:61:4973:194259#0/2 45 0 45 0
HWI-ST183_0204:4:42:15915:36780#0/1 45 0 45 0
HWI-ST183_0204:4:42:15915:36780#0/2 45 0 45 0
HWI-ST183_0204:4:41:18162:89713#0/1 45 0 45 0
HWI-ST183_0204:4:41:18162:89713#0/2 45 0 45 0
HWI-ST183_0204:4:41:4370:28269#0/1 45 0 45 0
HWI-ST183_0204:4:41:4370:28269#0/2 29 0 29 16
HWI-ST183_0204:4:42:3871:77900#0/1 45 0 45 0
HWI-ST183_0204:4:42:3871:77900#0/2 45 0 45 0
HWI-ST183_0204:4:23:2919:165550#0/1 45 0 45 0
HWI-ST183_0204:4:23:2919:165550#0/2 45 0 45 0
HWI-ST183_0204:4:41:19942:127873#0/1 45 0 45 0
HWI-ST183_0204:4:41:19942:127873#0/2 45 0 45 0
HWI-ST183_0204:4:25:9658:43028#0/1 45 0 45 0
HWI-ST183_0204:4:25:9658:43028#0/2 45 0 45 0
HWI-ST183_0204:4:3:18861:33027#0/1 45 0 45 0
HWI-ST183_0204:4:3:18861:33027#0/2 45 0 45 0
HWI-ST183_0204:4:27:8718:192480#0/1 45 0 45 0
HWI-ST183_0204:4:27:8718:192480#0/2 37 0 37 8
HWI-ST183_0204:4:1:7356:154337#0/1 42 0 42 3
HWI-ST183_0204:4:1:7356:154337#0/2 45 0 45 0
HWI-ST183_0204:4:61:12968:98459#0/1 45 0 45 0
HWI-ST183_0204:4:61:12968:98459#0/2 45 0 45 0
HWI-ST183_0204:4:23:11370:90598#0/1 45 0 45 0
HWI-ST183_0204:4:23:11370:90598#0/2 45 0 45 0
HWI-ST183_0204:4:22:11969:148327#0/1 45 0 45 0
HWI-ST183_0204:4:22:11969:148327#0/2 45 0 45 0
HWI-ST183_0204:4:61:3354:145628#0/1 45 0 45 0
HWI-ST183_0204:4:61:3354:145628#0/2 45 0 45 0
HWI-ST183_0204:4:6:14251:43261#0/1 45 0 45 0
HWI-ST183_0204:4:6:14251:43261#0/2 45 0 45 0
HWI-ST183_0204:4:62:15688:68762#0/1 45 0 45 0
HWI-ST183_0204:4:62:15688:68762#0/2 45 0 45 0
HWI-ST183_0204:4:8:10084:2921#0/1 45 0 45 0
HWI-ST183_0204:4:8:10084:2921#0/2 45 0 45 0
HWI-ST183_0204:4:5:6362:66512#0/1 45 0 45 0
HWI-ST183_0204:4:5:6362:66512#0/2 38 0 38 7
HWI-ST183_0204:4:24:6960:136616#0/1 45 0 45 0
HWI-ST183_0204:4:24:6960:136616#0/2 45 0 45 0
HWI-ST183_0204:4:43:3510:178072#0/1 45 0 45 0
HWI-ST183_0204:4:43:3510:178072#0/2 45 0 45 0
HWI-ST183_0204:4:47:19500:45556#0/1 45 0 45 0
HWI-ST183_0204:4:47:19500:45556#0/2 45 0 45 0
HWI-ST183_0204:4:8:13803:53894#0/1 45 0 45 0
HWI-ST183_0204:4:8:13803:53894#0/2 45 0 45 0
HWI-ST183_0204:4:41:4807:13681#0/1 32 0 32 13
HWI-ST183_0204:4:41:4807:13681#0/2 0 0 0 0
HWI-ST183_0204:4:22:18382:74475#0/1 45 0 45 0
HWI-ST183_0204:4:22:18382:74475#0/2 45 0 45 0
HWI-ST183_0204:4:2:7742:113186#0/1 45 0 45 0
HWI-ST183_0204:4:2:7742:113186#0/2 45 0 45 0
HWI-ST183_0204:4:5:4972:32193#0/1 45 0 45 0
HWI-ST183_0204:4:5:4972:32193#0/2 45 0 45 0
HWI-ST183_0204:4:6:2651:85607#0/1 45 0 45 0
HWI-ST183_0204:4:6:2651:85607#0/2 33 0 33 12
HWI-ST183_0204:4:48:20143:175883#0/1 45 0 45 0
HWI-ST183_0204:4:48:20143:175883#0/2 0 0 0 0
HWI-ST183_0204:4:44:16451:168093#0/1 45 0 45 0
HWI-ST183_0204:4:44:16451:168093#0/2 45 0 45 0
HWI-ST183_0204:4:48:19203:171491#0/1 45 0 45 0
HWI-ST183_0204:4:48:19203:171491#0/2 0 0 0 0
HWI-ST183_0204:4:21:17150:142583#0/1 45 0 45 0
HWI-ST183_0204:4:21:17150:142583#0/2 45 0 45 0
HWI-ST183_0204:4:68:3113:198069#0/1 45 0 45 0
HWI-ST183_0204:4:68:3113:198069#0/2 36 0 36 9
HWI-ST183_0204:4:6:10721:159696#0/1 45 0 45 0
HWI-ST183_0204:4:6:10721:159696#0/2 45 0 45 0
HWI-ST183_0204:4:62:10476:69140#0/1 45 0 45 0
HWI-ST183_0204:4:62:10476:69140#0/2 45 0 45 0
HWI-ST183_0204:4:3:19049:185405#0/1 45 0 45 0
HWI-ST183_0204:4:3:19049:185405#0/2 45 0 45 0
HWI-ST183_0204:4:47:14251:14988#0/1 45 0 45 0
HWI-ST183_0204:4:47:14251:14988#0/2 45 0 45 0
HWI-ST183_0204:4:43:4168:177237#0/1 45 0 45 0
HWI-ST183_0204:4:43:4168:177237#0/2 45 0 45 0
HWI-ST183_0204:4:67:2558:147596#0/1 24 0 24 21
HWI-ST183_0204:4:67:2558:147596#0/2 38 0 38 7
HWI-ST183_0204:4:46:3138:197979#0/1 0 0 0 0
HWI-ST183_0204:4:46:3138:197979#0/2 33 0 33 12
HWI-ST183_0204:4:65:6690:187164#0/1 0 0 0 0
HWI-ST183_0204:4:65:6690:187164#0/2 0 0 0 0
HWI-ST183_0204:4:62:2039:82018#0/1 45 0 45 0
HWI-ST183_0204:4:62:2039:82018#0/2 45 0 45 0
HWI-ST183_0204:4:65:4063:172738#0/1 45 0 45 0
HWI-ST183_0204:4:65:4063:172738#0/2 45 0 45 0
HWI-ST183_0204:4:6:17695:146793#0/1 45 0 45 0
HWI-ST183_0204:4:6:17695:146793#0/2 45 0 45 0
HWI-ST183_0204:4:42:9900:88687#0/1 45 0 45 0
HWI-ST183_0204:4:42:9900:88687#0/2 45 0 45 0
HWI-ST183_0204:4:42:11127:188621#0/1 45 0 45 0
HWI-ST183_0204:4:42:11127:188621#0/2 25 0 25 20
HWI-ST183_0204:4:62:3119:169276#0/1 45 0 45 0
HWI-ST183_0204:4:62:3119:169276#0/2 45 0 45 0
HWI-ST183_0204:4:63:5696:152284#0/1 45 0 45 0
HWI-ST183_0204:4:63:5696:152284#0/2 45 0 45 0
HWI-ST183_0204:4:68:18719:96797#0/1 45 0 45 0
HWI-ST183_0204:4:68:18719:96797#0/2 0 0 0 0
HWI-ST183_0204:4:68:10811:67774#0/1 45 0 45 0
HWI-ST183_0204:4:68:10811:67774#0/2 45 0 45 0
HWI-ST183_0204:4:22:20657:9913#0/1 0 0 0 0
HWI-ST183_0204:4:22:20657:9913#0/2 0 0 0 0
HWI-ST183_0204:4:27:9563:92492#0/1 45 0 45 0
HWI-ST183_0204:4:27:9563:92492#0/2 45 0 45 0
HWI-ST183_0204:4:68:2413:176545#0/1 45 0 45 0
HWI-ST183_0204:4:68:2413:176545#0/2 45 0 45 0
HWI-ST183_0204:4:48:20449:113996#0/1 45 0 45 0
HWI-ST183_0204:4:48:20449:113996#0/2 0 0 0 0
HWI-ST183_0204:4:65:15415:9251#0/1 45 0 45 0
HWI-ST183_0204:4:65:15415:9251#0/2 0 0 0 0
HWI-ST183_0204:4:43:7396:197593#0/1 37 0 37 8
HWI-ST183_0204:4:43:7396:197593#0/2 0 0 0 0
HWI-ST183_0204:4:62:9858:96096#0/1 45 0 45 0
HWI-ST183_0204:4:62:9858:96096#0/2 32 0 32 13
HWI-ST183_0204:4:66:5792:191159#0/1 45 0 45 0
HWI-ST183_0204:4:66:5792:191159#0/2 0 0 0 0
HWI-ST183_0204:4:2:17540:176336#0/1 45 0 45 0
HWI-ST183_0204:4:2:17540:176336#0/2 44 0 44 1
HWI-ST183_0204:4:65:7217:63872#0/1 45 0 45 0
HWI-ST183_0204:4:65:7217:63872#0/2 45 0 45 0
HWI-ST183_0204:4:27:9578:33018#0/1 45 0 45 0
HWI-ST183_0204:4:27:9578:33018#0/2 45 0 45 0
HWI-ST183_0204:4:62:1389:15281#0/1 45 0 45 0
HWI-ST183_0204:4:62:1389:15281#0/2 45 0 45 0
HWI-ST183_0204:4:24:15763:62829#0/1 0 0 0 0
HWI-ST183_0204:4:24:15763:62829#0/2 45 0 45 0
HWI-ST183_0204:4:68:10070:101984#0/1 45 0 45 0
HWI-ST183_0204:4:68:10070:101984#0/2 45 0 45 0
HWI-ST183_0204:4:66:14147:67684#0/1 45 0 45 0
HWI-ST183_0204:4:66:14147:67684#0/2 45 0 45 0
HWI-ST183_0204:4:68:2810:152301#0/1 45 0 45 0
HWI-ST183_0204:4:68:2810:152301#0/2 45 0 45 0
HWI-ST183_0204:4:43:6709:122279#0/1 35 0 35 10
HWI-ST183_0204:4:43:6709:122279#0/2 36 0 36 9
HWI-ST183_0204:4:66:16884:27101#0/1 45 0 45 0
HWI-ST183_0204:4:66:16884:27101#0/2 45 0 45 0
HWI-ST183_0204:4:23:19028:78099#0/1 45 0 45 0
HWI-ST183_0204:4:23:19028:78099#0/2 45 0 45 0
HWI-ST183_0204:4:64:5670:33170#0/1 34 0 34 11
HWI-ST183_0204:4:64:5670:33170#0/2 45 0 45 0
HWI-ST183_0204:4:26:12799:50340#0/1 45 0 45 0
HWI-ST183_0204:4:26:12799:50340#0/2 45 0 45 0
HWI-ST183_0204:4:27:12545:151209#0/1 45 0 45 0
HWI-ST183_0204:4:27:12545:151209#0/2 0 0 0 0
HWI-ST183_0204:4:43:15620:19660#0/1 42 0 42 3
HWI-ST183_0204:4:43:15620:19660#0/2 45 0 45 0
HWI-ST183_0204:4:4:13827:34477#0/1 45 0 45 0
HWI-ST183_0204:4:4:13827:34477#0/2 45 0 45 0
HWI-ST183_0204:4:1:5959:45158#0/1 0 0 0 0
HWI-ST183_0204:4:1:5959:45158#0/2 45 0 45 0
HWI-ST183_0204:4:8:11632:129197#0/1 45 0 45 0
HWI-ST183_0204:4:8:11632:129197#0/2 45 0 45 0
HWI-ST183_0204:4:68:19609:142538#0/1 42 0 42 3
HWI-ST183_0204:4:68:19609:142538#0/2 0 0 0 0
HWI-ST183_0204:4:66:10121:88399#0/1 45 0 45 0
HWI-ST183_0204:4:66:10121:88399#0/2 43 0 43 2
HWI-ST183_0204:4:48:2351:177474#0/1 24 0 24 21
HWI-ST183_0204:4:48:2351:177474#0/2 0 0 0 0
HWI-ST183_0204:4:47:7701:122684#0/1 45 0 45 0
HWI-ST183_0204:4:47:7701:122684#0/2 45 0 45 0
HWI-ST183_0204:4:44:6607:48230#0/1 45 0 45 0
HWI-ST183_0204:4:44:6607:48230#0/2 45 0 45 0
HWI-ST183_0204:4:26:10062:129378#0/1 45 0 45 0
HWI-ST183_0204:4:26:10062:129378#0/2 45 0 45 0
HWI-ST183_0204:4:61:14055:71172#0/1 45 0 45 0
HWI-ST183_0204:4:61:14055:71172#0/2 0 0 0 0
HWI-ST183_0204:4:63:6106:153759#0/1 45 0 45 0
HWI-ST183_0204:4:63:6106:153759#0/2 45 0 45 0
HWI-ST183_0204:4:63:17140:123454#0/1 45 0 45 0
HWI-ST183_0204:4:63:17140:123454#0/2 39 0 39 6
HWI-ST183_0204:4:26:5129:70781#0/1 41 0 41 4
HWI-ST183_0204:4:26:5129:70781#0/2 45 0 45 0
HWI-ST183_0204:4:68:9520:153126#0/1 34 0 34 11
HWI-ST183_0204:4:68:9520:153126#0/2 0 0 0 0
HWI-ST183_0204:4:63:3702:116271#0/1 45 0 45 0
HWI-ST183_0204:4:63:3702:116271#0/2 45 0 45 0
HWI-ST183_0204:4:27:2558:80073#0/1 45 0 45 0
HWI-ST183_0204:4:27:2558:80073#0/2 39 0 39 6
HWI-ST183_0204:4:61:9038:58397#0/1 45 0 45 0
HWI-ST183_0204:4:61:9038:58397#0/2 45 0 45 0
HWI-ST183_0204:4:8:8587:50690#0/1 45 0 45 0
HWI-ST183_0204:4:8:8587:50690#0/2 45 0 45 0
HWI-ST183_0204:4:67:5714:165362#0/1 45 0 45 0
HWI-ST183_0204:4:67:5714:165362#0/2 45 0 45 0
HWI-ST183_0204:4:25:6389:157957#0/1 45 0 45 0
HWI-ST183_0204:4:25:6389:157957#0/2 45 0 45 0
HWI-ST183_0204:4:68:2387:40045#0/1 45 0 45 0
HWI-ST183_0204:4:68:2387:40045#0/2 45 0 45 0
HWI-ST183_0204:4:64:10523:145827#0/1 45 0 45 0
HWI-ST183_0204:4:64:10523:145827#0/2 0 0 0 0
HWI-ST183_0204:4:1:2881:42345#0/1 45 0 45 0
HWI-ST183_0204:4:1:2881:42345#0/2 0 0 0 0
HWI-ST183_0204:4:44:14087:175043#0/1 45 0 45 0
HWI-ST183_0204:4:44:14087:175043#0/2 45 0 45 0
HWI-ST183_0204:4:66:6823:138840#0/1 45 0 45 0
HWI-ST183_0204:4:66:6823:138840#0/2 45 0 45 0
HWI-ST183_0204:4:62:10039:183076#0/1 45 0 45 0
HWI-ST183_0204:4:62:10039:183076#0/2 45 0 45 0
HWI-ST183_0204:4:64:11178:137482#0/1 45 0 45 0
HWI-ST183_0204:4:64:11178:137482#0/2 45 0 45 0
HWI-ST183_0204:4:4:18502:67365#0/1 45 0 45 0
HWI-ST183_0204:4:4:18502:67365#0/2 45 0 45 0
HWI-ST183_0204:4:64:10600:116822#0/1 45 0 45 0
HWI-ST183_0204:4:64:10600:116822#0/2 45 0 45 0
HWI-ST183_0204:4:6:11359:92337#0/1 45 0 45 0
HWI-ST183_0204:4:6:11359:92337#0/2 45 0 45 0
HWI-ST183_0204:4:65:17513:158965#0/1 45 0 45 0
HWI-ST183_0204:4:65:17513:158965#0/2 45 0 45 0
HWI-ST183_0204:4:47:9741:34960#0/1 22 0 22 23
HWI-ST183_0204:4:47:9741:34960#0/2 39 0 39 6
HWI-ST183_0204:4:63:12546:112539#0/1 45 0 45 0
HWI-ST183_0204:4:63:12546:112539#0/2 45 0 45 0
HWI-ST183_0204:4:25:3130:176160#0/1 0 0 0 0
HWI-ST183_0204:4:25:3130:176160#0/2 0 0 0 0
HWI-ST183_0204:4:47:12618:56209#0/1 45 0 45 0
HWI-ST183_0204:4:47:12618:56209#0/2 45 0 45 0
HWI-ST183_0204:4:47:8728:83831#0/1 43 0 43 2
HWI-ST183_0204:4:47:8728:83831#0/2 45 0 45 0
HWI-ST183_0204:4:44:6409:98927#0/1 45 0 45 0
HWI-ST183_0204:4:44:6409:98927#0/2 45 0 45 0
HWI-ST183_0204:4:41:5785:129952#0/1 45 0 45 0
HWI-ST183_0204:4:41:5785:129952#0/2 45 0 45 0
HWI-ST183_0204:4:41:19556:109626#0/1 45 0 45 0
HWI-ST183_0204:4:41:19556:109626#0/2 45 0 45 0
HWI-ST183_0204:4:22:15673:28672#0/1 45 0 45 0
HWI-ST183_0204:4:22:15673:28672#0/2 45 0 45 0
HWI-ST183_0204:4:23:20104:64054#0/1 45 0 45 0
HWI-ST183_0204:4:23:20104:64054#0/2 24 0 24 21
HWI-ST183_0204:4:65:3615:187721#0/1 45 0 45 0
HWI-ST183_0204:4:65:3615:187721#0/2 0 0 0 0
HWI-ST183_0204:4:5:1309:121132#0/1 45 0 45 0
HWI-ST183_0204:4:5:1309:121132#0/2 39 0 39 6
HWI-ST183_0204:4:67:15768:64451#0/1 45 0 45 0
HWI-ST183_0204:4:67:15768:64451#0/2 45 0 45 0
HWI-ST183_0204:4:23:16542:191954#0/1 45 0 45 0
HWI-ST183_0204:4:23:16542:191954#0/2 45 0 45 0
HWI-ST183_0204:4:3:10749:19132#0/1 45 0 45 0
HWI-ST183_0204:4:3:10749:19132#0/2 45 0 45 0
HWI-ST183_0204:4:2:10010:153071#0/1 45 0 45 0
HWI-ST183_0204:4:2:10010:153071#0/2 45 0 45 0
HWI-ST183_0204:4:4:17961:125469#0/1 45 0 45 0
HWI-ST183_0204:4:4:17961:125469#0/2 45 0 45 0
HWI-ST183_0204:4:42:9342:53420#0/1 45 0 45 0
HWI-ST183_0204:4:42:9342:53420#0/2 45 0 45 0
HWI-ST183_0204:4:68:13476:152270#0/1 45 0 45 0
HWI-ST183_0204:4:68:13476:152270#0/2 45 0 45 0
HWI-ST183_0204:4:5:6900:180458#0/1 45 0 45 0
HWI-ST183_0204:4:5:6900:180458#0/2 45 0 45 0
HWI-ST183_0204:4:65:21085:189220#0/1 45 0 45 0
HWI-ST183_0204:4:65:21085:189220#0/2 0 0 0 0
HWI-ST183_0204:4:65:1818:24080#0/1 45 0 45 0
HWI-ST183_0204:4:65:1818:24080#0/2 45 0 45 0
HWI-ST183_0204:4:23:6245:83827#0/1 45 0 45 0
HWI-ST183_0204:4:23:6245:83827#0/2 45 0 45 0
HWI-ST183_0204:4:23:16953:195638#0/1 45 0 45 0
HWI-ST183_0204:4:23:16953:195638#0/2 45 0 45 0
HWI-ST183_0204:4:2:9936:199033#0/1 45 0 45 0
HWI-ST183_0204:4:2:9936:199033#0/2 45 0 45 0
HWI-ST183_0204:4:3:3501:49044#0/1 35 0 35 10
HWI-ST183_0204:4:3:3501:49044#0/2 0 0 0 0
HWI-ST183_0204:4:62:5915:44480#0/1 45 0 45 0
HWI-ST183_0204:4:62:5915:44480#0/2 45 0 45 0
HWI-ST183_0204:4:2:12723:175665#0/1 45 0 45 0
HWI-ST183_0204:4:2:12723:175665#0/2 45 0 45 0
HWI-ST183_0204:4:6:4598:68784#0/1 39 0 39 6
HWI-ST183_0204:4:6:4598:68784#0/2 0 0 0 0
HWI-ST183_0204:4:47:2536:30959#0/1 37 0 37 8
HWI-ST183_0204:4:47:2536:30959#0/2 42 0 42 3
HWI-ST183_0204:4:63:6052:161274#0/1 45 0 45 0
HWI-ST183_0204:4:63:6052:161274#0/2 45 0 45 0
HWI-ST183_0204:4:44:11373:20381#0/1 45 0 45 0
HWI-ST183_0204:4:44:11373:20381#0/2 45 0 45 0
HWI-ST183_0204:4:47:21060:145709#0/1 45 0 45 0
HWI-ST183_0204:4:47:21060:145709#0/2 45 0 45 0
HWI-ST183_0204:4:22:18570:153343#0/1 45 0 45 0
HWI-ST183_0204:4:22:18570:153343#0/2 45 0 45 0
HWI-ST183_0204:4:1:2913:59802#0/1 45 0 45 0
HWI-ST183_0204:4:1:2913:59802#0/2 28 0 28 17
HWI-ST183_0204:4:42:12703:68747#0/1 45 0 45 0
HWI-ST183_0204:4:42:12703:68747#0/2 45 0 45 0
HWI-ST183_0204:4:42:5906:98759#0/1 45 0 45 0
HWI-ST183_0204:4:42:5906:98759#0/2 45 0 45 0
HWI-ST183_0204:4:66:6613:46440#0/1 45 0 45 0
HWI-ST183_0204:4:66:6613:46440#0/2 45 0 45 0
HWI-ST183_0204:4:23:15801:68429#0/1 0 0 0 0
HWI-ST183_0204:4:23:15801:68429#0/2 0 0 0 0
HWI-ST183_0204:4:65:8369:126460#0/1 45 0 45 0
HWI-ST183_0204:4:65:8369:126460#0/2 45 0 45 0
HWI-ST183_0204:4:42:9150:46172#0/1 45 0 45 0
HWI-ST183_0204:4:42:9150:46172#0/2 45 0 45 0
HWI-ST183_0204:4:2:21218:95597#0/1 45 0 45 0
HWI-ST183_0204:4:2:21218:95597#0/2 34 0 34 11
HWI-ST183_0204:4:68:5286:74757#0/1 45 0 45 0
HWI-ST183_0204:4:68:5286:74757#0/2 45 0 45 0
HWI-ST183_0204:4:2:6519:85693#0/1 45 0 45 0
HWI-ST183_0204:4:2:6519:85693#0/2 45 0 45 0
HWI-ST183_0204:4:6:13167:194619#0/1 45 0 45 0
HWI-ST183_0204:4:6:13167:194619#0/2 45 0 45 0
HWI-ST183_0204:4:27:6244:135976#0/1 45 0 45 0
HWI-ST183_0204:4:27:6244:135976#0/2 45 0 45 0
HWI-ST183_0204:4:67:10409:159151#0/1 45 0 45 0
HWI-ST183_0204:4:67:10409:159151#0/2 45 0 45 0
HWI-ST183_0204:4:62:3182:65452#0/1 45 0 45 0
HWI-ST183_0204:4:62:3182:65452#0/2 45 0 45 0
HWI-ST183_0204:4:67:12364:170517#0/1 45 0 45 0
HWI-ST183_0204:4:67:12364:170517#0/2 45 0 45 0
HWI-ST183_0204:4:66:9596:175336#0/1 45 0 45 0
HWI-ST183_0204:4:66:9596:175336#0/2 20 0 20 25
HWI-ST183_0204:4:5:11744:159689#0/1 45 0 45 0
HWI-ST183_0204:4:5:11744:159689#0/2 45 0 45 0
HWI-ST183_0204:4:65:12647:39231#0/1 45 0 45 0
HWI-ST183_0204:4:65:12647:39231#0/2 45 0 45 0
HWI-ST183_0204:4:43:12036:130921#0/1 45 0 45 0
HWI-ST183_0204:4:43:12036:130921#0/2 45 0 45 0
HWI-ST183_0204:4:1:18348:163268#0/1 45 0 45 0
HWI-ST183_0204:4:1:18348:163268#0/2 45 0 45 0
HWI-ST183_0204:4:2:6099:15462#0/1 45 0 45 0
HWI-ST183_0204:4:2:6099:15462#0/2 45 0 45 0
HWI-ST183_0204:4:47:7901:150886#0/1 45 0 45 0
HWI-ST183_0204:4:47:7901:150886#0/2 45 0 45 0
HWI-ST183_0204:4:43:5926:186321#0/1 45 0 45 0
HWI-ST183_0204:4:43:5926:186321#0/2 45 0 45 0
HWI-ST183_0204:4:46:11588:45480#0/1 45 0 45 0
HWI-ST183_0204:4:46:11588:45480#0/2 45 0 45 0
HWI-ST183_0204:4:2:20457:144329#0/1 45 0 45 0
HWI-ST183_0204:4:2:20457:144329#0/2 45 0 45 0
HWI-ST183_0204:4:3:13052:164463#0/1 45 0 45 0
HWI-ST183_0204:4:3:13052:164463#0/2 45 0 45 0
HWI-ST183_0204:4:68:11940:183662#0/1 42 0 42 3
HWI-ST183_0204:4:68:11940:183662#0/2 31 0 31 14
HWI-ST183_0204:4:46:2026:183857#0/1 45 0 45 0
HWI-ST183_0204:4:46:2026:183857#0/2 45 0 45 0
HWI-ST183_0204:4:68:19960:142016#0/1 25 0 25 20
HWI-ST183_0204:4:68:19960:142016#0/2 0 0 0 0
HWI-ST183_0204:4:21:1585:115572#0/1 45 0 45 0
HWI-ST183_0204:4:21:1585:115572#0/2 45 0 45 0
HWI-ST183_0204:4:44:20318:115052#0/1 43 0 43 2
HWI-ST183_0204:4:44:20318:115052#0/2 45 0 45 0
HWI-ST183_0204:4:63:13737:176547#0/1 45 0 45 0
HWI-ST183_0204:4:63:13737:176547#0/2 45 0 45 0
HWI-ST183_0204:4:65:8996:196915#0/1 45 0 45 0
HWI-ST183_0204:4:65:8996:196915#0/2 45 0 45 0
HWI-ST183_0204:4:43:7161:133405#0/1 45 0 45 0
HWI-ST183_0204:4:43:7161:133405#0/2 45 0 45 0
HWI-ST183_0204:4:25:18216:171863#0/1 45 0 45 0
HWI-ST183_0204:4:25:18216:171863#0/2 45 0 45 0
HWI-ST183_0204:4:45:6839:17880#0/1 45 0 45 0
HWI-ST183_0204:4:45:6839:17880#0/2 45 0 45 0
HWI-ST183_0204:4:66:17815:100280#0/1 45 0 45 0
HWI-ST183_0204:4:66:17815:100280#0/2 45 0 45 0
HWI-ST183_0204:4:5:18180:35547#0/1 45 0 45 0
HWI-ST183_0204:4:5:18180:35547#0/2 28 0 28 17
HWI-ST183_0204:4:21:20222:165741#0/1 31 0 31 14
HWI-ST183_0204:4:21:20222:165741#0/2 42 0 42 3
HWI-ST183_0204:4:25:10551:45534#0/1 45 0 45 0
HWI-ST183_0204:4:25:10551:45534#0/2 45 0 45 0
HWI-ST183_0204:4:48:9526:115514#0/1 45 0 45 0
HWI-ST183_0204:4:48:9526:115514#0/2 0 0 0 0
HWI-ST183_0204:4:48:11048:138317#0/1 45 0 45 0
HWI-ST183_0204:4:48:11048:138317#0/2 0 0 0 0
HWI-ST183_0204:4:61:15867:14231#0/1 27 0 27 18
HWI-ST183_0204:4:61:15867:14231#0/2 38 0 38 7
HWI-ST183_0204:4:67:13168:175223#0/1 35 0 35 10
HWI-ST183_0204:4:67:13168:175223#0/2 45 0 45 0
HWI-ST183_0204:4:48:13409:189031#0/1 45 0 45 0
HWI-ST183_0204:4:48:13409:189031#0/2 0 0 0 0
HWI-ST183_0204:4:61:14227:140250#0/1 45 0 45 0
HWI-ST183_0204:4:61:14227:140250#0/2 44 0 44 1
HWI-ST183_0204:4:4:4370:20493#0/1 40 0 40 5
HWI-ST183_0204:4:4:4370:20493#0/2 45 0 45 0
HWI-ST183_0204:4:47:19496:108880#0/1 45 0 45 0
HWI-ST183_0204:4:47:19496:108880#0/2 44 0 44 1
HWI-ST183_0204:4:21:14435:158568#0/1 45 0 45 0
HWI-ST183_0204:4:21:14435:158568#0/2 45 0 45 0
HWI-ST183_0204:4:48:7962:88141#0/1 44 0 44 1
HWI-ST183_0204:4:48:7962:88141#0/2 0 0 0 0
HWI-ST183_0204:4:8:4338:31259#0/1 45 0 45 0
HWI-ST183_0204:4:8:4338:31259#0/2 45 0 45 0
HWI-ST183_0204:4:6:5235:73440#0/1 45 0 45 0
HWI-ST183_0204:4:6:5235:73440#0/2 45 0 45 0
HWI-ST183_0204:4:45:3690:31224#0/1 39 0 39 6
HWI-ST183_0204:4:45:3690:31224#0/2 45 0 45 0
HWI-ST183_0204:4:68:9102:97567#0/1 28 0 28 17
HWI-ST183_0204:4:68:9102:97567#0/2 45 0 45 0
HWI-ST183_0204:4:45:9523:182919#0/1 45 0 45 0
HWI-ST183_0204:4:45:9523:182919#0/2 45 0 45 0
HWI-ST183_0204:4:2:6697:76002#0/1 45 0 45 0
HWI-ST183_0204:4:2:6697:76002#0/2 45 0 45 0
HWI-ST183_0204:4:21:4363:16399#0/1 45 0 45 0
HWI-ST183_0204:4:21:4363:16399#0/2 45 0 45 0
HWI-ST183_0204:4:26:15089:61779#0/1 45 0 45 0
HWI-ST183_0204:4:26:15089:61779#0/2 45 0 45 0
HWI-ST183_0204:4:41:15719:24633#0/1 45 0 45 0
HWI-ST183_0204:4:41:15719:24633#0/2 45 0 45 0
HWI-ST183_0204:4:68:7646:175916#0/1 34 0 34 11
HWI-ST183_0204:4:68:7646:175916#0/2 40 0 40 5
HWI-ST183_0204:4:26:5132:177667#0/1 45 0 45 0
HWI-ST183_0204:4:26:5132:177667#0/2 45 0 45 0
HWI-ST183_0204:4:43:16203:131345#0/1 45 0 45 0
HWI-ST183_0204:4:43:16203:131345#0/2 45 0 45 0
HWI-ST183_0204:4:25:7135:177834#0/1 43 0 43 2
HWI-ST183_0204:4:25:7135:177834#0/2 45 0 45 0
HWI-ST183_0204:4:63:6732:96949#0/1 45 0 45 0
HWI-ST183_0204:4:63:6732:96949#0/2 45 0 45 0
HWI-ST183_0204:4:48:20675:35352#0/1 45 0 45 0
HWI-ST183_0204:4:48:20675:35352#0/2 0 0 0 0
HWI-ST183_0204:4:46:11351:48284#0/1 45 0 45 0
HWI-ST183_0204:4:46:11351:48284#0/2 45 0 45 0
HWI-ST183_0204:4:43:15126:144942#0/1 45 0 45 0
HWI-ST183_0204:4:43:15126:144942#0/2 45 0 45 0
HWI-ST183_0204:4:3:5162:80411#0/1 34 0 34 11
HWI-ST183_0204:4:3:5162:80411#0/2 0 0 0 0
HWI-ST183_0204:4:5:7602:114351#0/1 45 0 45 0
HWI-ST183_0204:4:5:7602:114351#0/2 45 0 45 0
HWI-ST183_0204:4:62:19476:75088#0/1 45 0 45 0
HWI-ST183_0204:4:62:19476:75088#0/2 33 0 33 12
HWI-ST183_0204:4:46:19349:64307#0/1 45 0 45 0
HWI-ST183_0204:4:46:19349:64307#0/2 34 0 34 11
HWI-ST183_0204:4:62:19678:196326#0/1 29 0 29 16
HWI-ST183_0204:4:62:19678:196326#0/2 45 0 45 0
HWI-ST183_0204:4:68:18560:199407#0/1 45 0 45 0
HWI-ST183_0204:4:68:18560:199407#0/2 45 0 45 0
HWI-ST183_0204:4:61:14035:165528#0/1 41 0 41 4
HWI-ST183_0204:4:61:14035:165528#0/2 0 0 0 0
HWI-ST183_0204:4:3:6237:156502#0/1 45 0 45 0
HWI-ST183_0204:4:3:6237:156502#0/2 41 0 41 4
HWI-ST183_0204:4:21:3380:120231#0/1 45 0 45 0
HWI-ST183_0204:4:21:3380:120231#0/2 39 0 39 6
HWI-ST183_0204:4:4:20381:128549#0/1 45 0 45 0
HWI-ST183_0204:4:4:20381:128549#0/2 0 0 0 0
HWI-ST183_0204:4:4:11969:96980#0/1 45 0 45 0
HWI-ST183_0204:4:4:11969:96980#0/2 29 0 29 16
HWI-ST183_0204:4:61:14715:94897#0/1 45 0 45 0
HWI-ST183_0204:4:61:14715:94897#0/2 45 0 45 0
HWI-ST183_0204:4:24:13609:179261#0/1 45 0 45 0
HWI-ST183_0204:4:24:13609:179261#0/2 39 0 39 6
HWI-ST183_0204:4:24:10456:7321#0/1 45 0 45 0
HWI-ST183_0204:4:24:10456:7321#0/2 45 0 45 0
HWI-ST183_0204:4:42:12749:125924#0/1 45 0 45 0
HWI-ST183_0204:4:42:12749:125924#0/2 45 0 45 0
HWI-ST183_0204:4:65:10259:91260#0/1 45 0 45 0
HWI-ST183_0204:4:65:10259:91260#0/2 45 0 45 0
HWI-ST183_0204:4:41:21129:180716#0/1 45 0 45 0
HWI-ST183_0204:4:41:21129:180716#0/2 45 0 45 0
HWI-ST183_0204:4:21:20299:99804#0/1 29 0 29 16
HWI-ST183_0204:4:21:20299:99804#0/2 0 0 0 0
HWI-ST183_0204:4:1:14901:100820#0/1 45 0 45 0
HWI-ST183_0204:4:1:14901:100820#0/2 45 0 45 0
HWI-ST183_0204:4:23:7600:59271#0/1 45 0 45 0
HWI-ST183_0204:4:23:7600:59271#0/2 43 0 43 2
HWI-ST183_0204:4:63:8548:31266#0/1 41 0 41 4
HWI-ST183_0204:4:63:8548:31266#0/2 45 0 45 0
HWI-ST183_0204:4:43:6883:103687#0/1 45 0 45 0
HWI-ST183_0204:4:43:6883:103687#0/2 45 0 45 0
HWI-ST183_0204:4:45:5429:170055#0/1 45 0 45 0
HWI-ST183_0204:4:45:5429:170055#0/2 45 0 45 0
HWI-ST183_0204:4:68:8575:83387#0/1 45 0 45 0
HWI-ST183_0204:4:68:8575:83387#0/2 45 0 45 0
HWI-ST183_0204:4:63:17248:109427#0/1 45 0 45 0
HWI-ST183_0204:4:63:17248:109427#0/2 45 0 45 0
HWI-ST183_0204:4:46:18965:153690#0/1 45 0 45 0
HWI-ST183_0204:4:46:18965:153690#0/2 45 0 45 0
HWI-ST183_0204:4:68:15806:99718#0/1 45 0 45 0
HWI-ST183_0204:4:68:15806:99718#0/2 39 0 39 6
HWI-ST183_0204:4:47:19279:106112#0/1 45 0 45 0
HWI-ST183_0204:4:47:19279:106112#0/2 45 0 45 0
HWI-ST183_0204:4:2:13693:92657#0/1 45 0 45 0
HWI-ST183_0204:4:2:13693:92657#0/2 45 0 45 0
HWI-ST183_0204:4:5:8422:85929#0/1 45 0 45 0
HWI-ST183_0204:4:5:8422:85929#0/2 45 0 45 0
HWI-ST183_0204:4:62:20024:48386#0/1 45 0 45 0
HWI-ST183_0204:4:62:20024:48386#0/2 45 0 45 0
HWI-ST183_0204:4:1:21300:51297#0/1 45 0 45 0
HWI-ST183_0204:4:1:21300:51297#0/2 45 0 45 0
HWI-ST183_0204:4:61:9596:196780#0/1 45 0 45 0
HWI-ST183_0204:4:61:9596:196780#0/2 45 0 45 0
HWI-ST183_0204:4:61:15657:33779#0/1 45 0 45 0
HWI-ST183_0204:4:61:15657:33779#0/2 45 0 45 0
HWI-ST183_0204:4:44:20050:6923#0/1 45 0 45 0
HWI-ST183_0204:4:44:20050:6923#0/2 45 0 45 0
HWI-ST183_0204:4:3:3752:57048#0/1 0 0 0 0
HWI-ST183_0204:4:3:3752:57048#0/2 0 0 0 0
HWI-ST183_0204:4:41:16959:90200#0/1 45 0 45 0
HWI-ST183_0204:4:41:16959:90200#0/2 45 0 45 0
HWI-ST183_0204:4:44:12503:97828#0/1 45 0 45 0
HWI-ST183_0204:4:44:12503:97828#0/2 45 0 45 0
HWI-ST183_0204:4:8:16201:191951#0/1 45 0 45 0
HWI-ST183_0204:4:8:16201:191951#0/2 45 0 45 0
HWI-ST183_0204:4:8:14207:132849#0/1 41 0 41 4
HWI-ST183_0204:4:8:14207:132849#0/2 0 0 0 0
HWI-ST183_0204:4:25:14528:21705#0/1 45 0 45 0
HWI-ST183_0204:4:25:14528:21705#0/2 45 0 45 0
HWI-ST183_0204:4:25:8111:49408#0/1 45 0 45 0
HWI-ST183_0204:4:25:8111:49408#0/2 45 0 45 0
HWI-ST183_0204:4:23:13784:30207#0/1 26 0 26 19
HWI-ST183_0204:4:23:13784:30207#0/2 45 0 45 0
HWI-ST183_0204:4:64:4905:21474#0/1 45 0 45 0
HWI-ST183_0204:4:64:4905:21474#0/2 43 0 43 2
HWI-ST183_0204:4:43:16802:171337#0/1 45 0 45 0
HWI-ST183_0204:4:43:16802:171337#0/2 27 0 27 18
HWI-ST183_0204:4:24:15983:49017#0/1 45 0 45 0
HWI-ST183_0204:4:24:15983:49017#0/2 45 0 45 0
HWI-ST183_0204:4:3:8900:160289#0/1 45 0 45 0
HWI-ST183_0204:4:3:8900:160289#0/2 45 0 45 0
HWI-ST183_0204:4:27:7967:29885#0/1 45 0 45 0
HWI-ST183_0204:4:27:7967:29885#0/2 45 0 45 0
HWI-ST183_0204:4:6:11420:104998#0/1 45 0 45 0
HWI-ST183_0204:4:6:11420:104998#0/2 45 0 45 0
HWI-ST183_0204:4:62:11344:8877#0/1 45 0 45 0
HWI-ST183_0204:4:62:11344:8877#0/2 45 0 45 0
HWI-ST183_0204:4:6:17280:63661#0/1 41 0 41 4
HWI-ST183_0204:4:6:17280:63661#0/2 45 0 45 0
HWI-ST183_0204:4:21:9077:42089#0/1 45 0 45 0
HWI-ST183_0204:4:21:9077:42089#0/2 38 0 38 7
HWI-ST183_0204:4:41:3580:85191#0/1 45 0 45 0
HWI-ST183_0204:4:41:3580:85191#0/2 45 0 45 0
HWI-ST183_0204:4:48:10407:22392#0/1 45 0 45 0
HWI-ST183_0204:4:48:10407:22392#0/2 0 0 0 0
HWI-ST183_0204:4:42:15981:135338#0/1 45 0 45 0
HWI-ST183_0204:4:42:15981:135338#0/2 45 0 45 0
HWI-ST183_0204:4:41:3678:152052#0/1 29 0 29 16
HWI-ST183_0204:4:41:3678:152052#0/2 24 0 24 21
HWI-ST183_0204:4:64:18558:151704#0/1 31 0 31 14
HWI-ST183_0204:4:64:18558:151704#0/2 0 0 0 0
HWI-ST183_0204:4:22:7123:20866#0/1 45 0 45 0
HWI-ST183_0204:4:22:7123:20866#0/2 45 0 45 0
HWI-ST183_0204:4:66:19441:105156#0/1 45 0 45 0
HWI-ST183_0204:4:66:19441:105156#0/2 45 0 45 0
HWI-ST183_0204:4:22:12570:124955#0/1 45 0 45 0
HWI-ST183_0204:4:22:12570:124955#0/2 29 0 29 16
HWI-ST183_0204:4:45:4792:173121#0/1 45 0 45 0
HWI-ST183_0204:4:45:4792:173121#0/2 45 0 45 0
HWI-ST183_0204:4:24:10826:58100#0/1 45 0 45 0
HWI-ST183_0204:4:24:10826:58100#0/2 0 0 0 0
HWI-ST183_0204:4:68:6149:101563#0/1 45 0 45 0
HWI-ST183_0204:4:68:6149:101563#0/2 45 0 45 0
HWI-ST183_0204:4:41:20989:54295#0/1 45 0 45 0
HWI-ST183_0204:4:41:20989:54295#0/2 45 0 45 0
HWI-ST183_0204:4:41:12177:120505#0/1 45 0 45 0
HWI-ST183_0204:4:41:12177:120505#0/2 45 0 45 0
HWI-ST183_0204:4:68:8250:49497#0/1 45 0 45 0
HWI-ST183_0204:4:68:8250:49497#0/2 39 0 39 6
HWI-ST183_0204:4:21:5668:188164#0/1 45 0 45 0
HWI-ST183_0204:4:21:5668:188164#0/2 45 0 45 0
HWI-ST183_0204:4:21:5898:47704#0/1 45 0 45 0
HWI-ST183_0204:4:21:5898:47704#0/2 45 0 45 0
HWI-ST183_0204:4:67:7922:193789#0/1 0 0 0 0
HWI-ST183_0204:4:67:7922:193789#0/2 0 0 0 0
HWI-ST183_0204:4:68:6338:109523#0/1 45 0 45 0
HWI-ST183_0204:4:68:6338:109523#0/2 39 0 39 6
HWI-ST183_0204:4:1:11586:116677#0/1 45 0 45 0
HWI-ST183_0204:4:1:11586:116677#0/2 45 0 45 0
HWI-ST183_0204:4:65:9098:91191#0/1 45 0 45 0
HWI-ST183_0204:4:65:9098:91191#0/2 45 0 45 0
HWI-ST183_0204:4:26:19132:54761#0/1 45 0 45 0
HWI-ST183_0204:4:26:19132:54761#0/2 45 0 45 0
HWI-ST183_0204:4:24:9405:124597#0/1 45 0 45 0
HWI-ST183_0204:4:24:9405:124597#0/2 45 0 45 0
HWI-ST183_0204:4:62:4392:195806#0/1 45 0 45 0
HWI-ST183_0204:4:62:4392:195806#0/2 0 0 0 0
HWI-ST183_0204:4:61:19927:29715#0/1 39 0 39 6
HWI-ST183_0204:4:61:19927:29715#0/2 0 0 0 0
HWI-ST183_0204:4:43:19169:162309#0/1 45 0 45 0
HWI-ST183_0204:4:43:19169:162309#0/2 45 0 45 0
HWI-ST183_0204:4:48:20301:188419#0/1 45 0 45 0
HWI-ST183_0204:4:48:20301:188419#0/2 0 0 0 0
HWI-ST183_0204:4:47:6760:102148#0/1 45 0 45 0
HWI-ST183_0204:4:47:6760:102148#0/2 45 0 45 0
HWI-ST183_0204:4:23:16461:87384#0/1 33 0 33 12
HWI-ST183_0204:4:23:16461:87384#0/2 0 0 0 0
HWI-ST183_0204:4:46:16922:93545#0/1 45 0 45 0
HWI-ST183_0204:4:46:16922:93545#0/2 45 0 45 0
HWI-ST183_0204:4:43:6939:123998#0/1 45 0 45 0
HWI-ST183_0204:4:43:6939:123998#0/2 45 0 45 0
HWI-ST183_0204:4:68:5204:65846#0/1 45 0 45 0
HWI-ST183_0204:4:68:5204:65846#0/2 45 0 45 0
HWI-ST183_0204:4:62:7267:175947#0/1 45 0 45 0
HWI-ST183_0204:4:62:7267:175947#0/2 45 0 45 0
HWI-ST183_0204:4:44:12619:128215#0/1 45 0 45 0
HWI-ST183_0204:4:44:12619:128215#0/2 45 0 45 0
HWI-ST183_0204:4:63:4976:107506#0/1 0 0 0 0
HWI-ST183_0204:4:63:4976:107506#0/2 0 0 0 0
HWI-ST183_0204:4:27:20684:173989#0/1 45 0 45 0
HWI-ST183_0204:4:27:20684:173989#0/2 0 0 0 0
HWI-ST183_0204:4:66:20043:187770#0/1 45 0 45 0
HWI-ST183_0204:4:66:20043:187770#0/2 45 0 45 0
HWI-ST183_0204:4:61:19688:125499#0/1 34 0 34 11
HWI-ST183_0204:4:61:19688:125499#0/2 34 0 34 11
HWI-ST183_0204:4:21:16569:86489#0/1 45 0 45 0
HWI-ST183_0204:4:21:16569:86489#0/2 45 0 45 0
HWI-ST183_0204:4:62:20446:178481#0/1 43 0 43 2
HWI-ST183_0204:4:62:20446:178481#0/2 45 0 45 0
HWI-ST183_0204:4:48:2939:87943#0/1 0 0 0 0
HWI-ST183_0204:4:48:2939:87943#0/2 0 0 0 0
HWI-ST183_0204:4:2:14572:48603#0/1 45 0 45 0
HWI-ST183_0204:4:2:14572:48603#0/2 45 0 45 0
HWI-ST183_0204:4:47:10566:136295#0/1 45 0 45 0
HWI-ST183_0204:4:47:10566:136295#0/2 45 0 45 0
HWI-ST183_0204:4:8:8941:45070#0/1 45 0 45 0
HWI-ST183_0204:4:8:8941:45070#0/2 20 0 20 25
HWI-ST183_0204:4:48:6382:4856#0/1 26 0 26 19
HWI-ST183_0204:4:48:6382:4856#0/2 0 0 0 0
HWI-ST183_0204:4:64:17861:13063#0/1 45 0 45 0
HWI-ST183_0204:4:64:17861:13063#0/2 22 0 22 23
HWI-ST183_0204:4:26:20840:110415#0/1 45 0 45 0
HWI-ST183_0204:4:26:20840:110415#0/2 45 0 45 0
HWI-ST183_0204:4:25:18540:63553#0/1 45 0 45 0
HWI-ST183_0204:4:25:18540:63553#0/2 45 0 45 0
HWI-ST183_0204:4:42:9378:178532#0/1 45 0 45 0
HWI-ST183_0204:4:42:9378:178532#0/2 45 0 45 0
HWI-ST183_0204:4:46:20197:148740#0/1 45 0 45 0
HWI-ST183_0204:4:46:20197:148740#0/2 38 0 38 7
HWI-ST183_0204:4:41:10881:82763#0/1 45 0 45 0
HWI-ST183_0204:4:41:10881:82763#0/2 45 0 45 0
HWI-ST183_0204:4:41:2697:40862#0/1 0 0 0 0
HWI-ST183_0204:4:41:2697:40862#0/2 0 0 0 0
HWI-ST183_0204:4:48:12649:61334#0/1 39 0 39 6
HWI-ST183_0204:4:48:12649:61334#0/2 0 0 0 0
HWI-ST183_0204:4:63:3386:152919#0/1 45 0 45 0
HWI-ST183_0204:4:63:3386:152919#0/2 45 0 45 0
HWI-ST183_0204:4:2:2955:73657#0/1 45 0 45 0
HWI-ST183_0204:4:2:2955:73657#0/2 45 0 45 0
HWI-ST183_0204:4:6:3968:134595#0/1 45 0 45 0
HWI-ST183_0204:4:6:3968:134595#0/2 45 0 45 0
HWI-ST183_0204:4:48:4841:14129#0/1 45 0 45 0
HWI-ST183_0204:4:48:4841:14129#0/2 0 0 0 0
HWI-ST183_0204:4:2:1720:2109#0/1 45 0 45 0
HWI-ST183_0204:4:2:1720:2109#0/2 33 0 33 12
HWI-ST183_0204:4:5:1928:3264#0/1 45 0 45 0
HWI-ST183_0204:4:5:1928:3264#0/2 39 0 39 6
HWI-ST183_0204:4:2:11680:137605#0/1 45 0 45 0
HWI-ST183_0204:4:2:11680:137605#0/2 45 0 45 0
HWI-ST183_0204:4:25:20981:28817#0/1 45 0 45 0
HWI-ST183_0204:4:25:20981:28817#0/2 45 0 45 0
HWI-ST183_0204:4:2:6577:44005#0/1 45 0 45 0
HWI-ST183_0204:4:2:6577:44005#0/2 45 0 45 0
HWI-ST183_0204:4:8:5904:103414#0/1 45 0 45 0
HWI-ST183_0204:4:8:5904:103414#0/2 0 0 0 0
HWI-ST183_0204:4:45:7978:56956#0/1 0 0 0 0
HWI-ST183_0204:4:45:7978:56956#0/2 33 0 33 12
HWI-ST183_0204:4:3:5526:118902#0/1 45 0 45 0
HWI-ST183_0204:4:3:5526:118902#0/2 45 0 45 0
HWI-ST183_0204:4:67:18626:106503#0/1 45 0 45 0
HWI-ST183_0204:4:67:18626:106503#0/2 45 0 45 0
HWI-ST183_0204:4:61:1221:183551#0/1 43 0 43 2
HWI-ST183_0204:4:61:1221:183551#0/2 43 0 43 2
HWI-ST183_0204:4:4:12147:141159#0/1 45 0 45 0
HWI-ST183_0204:4:4:12147:141159#0/2 45 0 45 0
HWI-ST183_0204:4:6:19723:166093#0/1 45 0 45 0
HWI-ST183_0204:4:6:19723:166093#0/2 39 0 39 6
HWI-ST183_0204:4:68:7739:47919#0/1 45 0 45 0
HWI-ST183_0204:4:68:7739:47919#0/2 45 0 45 0
HWI-ST183_0204:4:4:2004:5834#0/1 45 0 45 0
HWI-ST183_0204:4:4:2004:5834#0/2 45 0 45 0
HWI-ST183_0204:4:63:15686:148763#0/1 45 0 45 0
HWI-ST183_0204:4:63:15686:148763#0/2 45 0 45 0
HWI-ST183_0204:4:41:12963:159705#0/1 45 0 45 0
HWI-ST183_0204:4:41:12963:159705#0/2 45 0 45 0
HWI-ST183_0204:4:21:11181:41329#0/1 45 0 45 0
HWI-ST183_0204:4:21:11181:41329#0/2 45 0 45 0
HWI-ST183_0204:4:44:3308:155199#0/1 0 0 0 0
HWI-ST183_0204:4:44:3308:155199#0/2 39 0 39 6
HWI-ST183_0204:4:23:9438:186377#0/1 42 0 42 3
HWI-ST183_0204:4:23:9438:186377#0/2 45 0 45 0
HWI-ST183_0204:4:62:4073:9036#0/1 45 0 45 0
HWI-ST183_0204:4:62:4073:9036#0/2 31 0 31 14
HWI-ST183_0204:4:45:17388:19452#0/1 45 0 45 0
HWI-ST183_0204:4:45:17388:19452#0/2 45 0 45 0
HWI-ST183_0204:4:44:13616:190080#0/1 37 0 37 8
HWI-ST183_0204:4:44:13616:190080#0/2 44 0 44 1
HWI-ST183_0204:4:23:17909:11589#0/1 45 0 45 0
HWI-ST183_0204:4:23:17909:11589#0/2 45 0 45 0
HWI-ST183_0204:4:3:6907:168740#0/1 45 0 45 0
HWI-ST183_0204:4:3:6907:168740#0/2 45 0 45 0
HWI-ST183_0204:4:64:17719:187780#0/1 45 0 45 0
HWI-ST183_0204:4:64:17719:187780#0/2 45 0 45 0
HWI-ST183_0204:4:66:4167:195708#0/1 24 0 24 21
HWI-ST183_0204:4:66:4167:195708#0/2 0 0 0 0
HWI-ST183_0204:4:61:14966:102429#0/1 45 0 45 0
HWI-ST183_0204:4:61:14966:102429#0/2 45 0 45 0
HWI-ST183_0204:4:23:14355:93798#0/1 40 0 40 5
HWI-ST183_0204:4:23:14355:93798#0/2 34 0 34 11
HWI-ST183_0204:4:42:11211:46466#0/1 45 0 45 0
HWI-ST183_0204:4:42:11211:46466#0/2 45 0 45 0
HWI-ST183_0204:4:47:17790:124623#0/1 45 0 45 0
HWI-ST183_0204:4:47:17790:124623#0/2 45 0 45 0
HWI-ST183_0204:4:64:1679:45826#0/1 45 0 45 0
HWI-ST183_0204:4:64:1679:45826#0/2 45 0 45 0
HWI-ST183_0204:4:65:7688:124047#0/1 45 0 45 0
HWI-ST183_0204:4:65:7688:124047#0/2 45 0 45 0
HWI-ST183_0204:4:2:9481:67089#0/1 45 0 45 0
HWI-ST183_0204:4:2:9481:67089#0/2 45 0 45 0
HWI-ST183_0204:4:42:11510:95074#0/1 45 0 45 0
HWI-ST183_0204:4:42:11510:95074#0/2 45 0 45 0
HWI-ST183_0204:4:24:11464:52254#0/1 45 0 45 0
HWI-ST183_0204:4:24:11464:52254#0/2 45 0 45 0
HWI-ST183_0204:4:23:6550:28218#0/1 45 0 45 0
HWI-ST183_0204:4:23:6550:28218#0/2 45 0 45 0
HWI-ST183_0204:4:65:8857:155725#0/1 45 0 45 0
HWI-ST183_0204:4:65:8857:155725#0/2 45 0 45 0
HWI-ST183_0204:4:48:16548:78815#0/1 45 0 45 0
HWI-ST183_0204:4:48:16548:78815#0/2 0 0 0 0
HWI-ST183_0204:4:41:11730:195078#0/1 27 0 27 18
HWI-ST183_0204:4:41:11730:195078#0/2 45 0 45 0
HWI-ST183_0204:4:43:10557:24018#0/1 45 0 45 0
HWI-ST183_0204:4:43:10557:24018#0/2 45 0 45 0
HWI-ST183_0204:4:48:7500:29118#0/1 45 0 45 0
HWI-ST183_0204:4:48:7500:29118#0/2 0 0 0 0
HWI-ST183_0204:4:24:12980:43919#0/1 45 0 45 0
HWI-ST183_0204:4:24:12980:43919#0/2 37 0 37 8
HWI-ST183_0204:4:47:16698:160077#0/1 45 0 45 0
HWI-ST183_0204:4:47:16698:160077#0/2 45 0 45 0
HWI-ST183_0204:4:2:16571:41936#0/1 45 0 45 0
HWI-ST183_0204:4:2:16571:41936#0/2 45 0 45 0
HWI-ST183_0204:4:64:15150:79181#0/1 45 0 45 0
HWI-ST183_0204:4:64:15150:79181#0/2 45 0 45 0
HWI-ST183_0204:4:41:6954:10081#0/1 45 0 45 0
HWI-ST183_0204:4:41:6954:10081#0/2 45 0 45 0
HWI-ST183_0204:4:21:17707:148525#0/1 31 0 31 14
HWI-ST183_0204:4:21:17707:148525#0/2 36 0 36 9
HWI-ST183_0204:4:25:8687:19394#0/1 45 0 45 0
HWI-ST183_0204:4:25:8687:19394#0/2 45 0 45 0
HWI-ST183_0204:4:8:14174:26287#0/1 45 0 45 0
HWI-ST183_0204:4:8:14174:26287#0/2 45 0 45 0
HWI-ST183_0204:4:24:20598:23510#0/1 45 0 45 0
HWI-ST183_0204:4:24:20598:23510#0/2 0 0 0 0
HWI-ST183_0204:4:21:10748:7771#0/1 45 0 45 0
HWI-ST183_0204:4:21:10748:7771#0/2 44 0 44 1
HWI-ST183_0204:4:68:3091:50075#0/1 45 0 45 0
HWI-ST183_0204:4:68:3091:50075#0/2 45 0 45 0
HWI-ST183_0204:4:5:9786:155083#0/1 45 0 45 0
HWI-ST183_0204:4:5:9786:155083#0/2 45 0 45 0
HWI-ST183_0204:4:42:16318:64695#0/1 45 0 45 0
HWI-ST183_0204:4:42:16318:64695#0/2 45 0 45 0
HWI-ST183_0204:4:47:20155:49129#0/1 45 0 45 0
HWI-ST183_0204:4:47:20155:49129#0/2 45 0 45 0
HWI-ST183_0204:4:22:2669:75598#0/1 45 0 45 0
HWI-ST183_0204:4:22:2669:75598#0/2 45 0 45 0
HWI-ST183_0204:4:24:11797:24274#0/1 45 0 45 0
HWI-ST183_0204:4:24:11797:24274#0/2 45 0 45 0
HWI-ST183_0204:4:46:7426:186166#0/1 28 0 28 17
HWI-ST183_0204:4:46:7426:186166#0/2 38 0 38 7
HWI-ST183_0204:4:61:10433:179969#0/1 45 0 45 0
HWI-ST183_0204:4:61:10433:179969#0/2 44 0 44 1
HWI-ST183_0204:4:8:19475:57237#0/1 45 0 45 0
HWI-ST183_0204:4:8:19475:57237#0/2 45 0 45 0
HWI-ST183_0204:4:46:18517:66501#0/1 45 0 45 0
HWI-ST183_0204:4:46:18517:66501#0/2 45 0 45 0
HWI-ST183_0204:4:6:10288:64941#0/1 45 0 45 0
HWI-ST183_0204:4:6:10288:64941#0/2 45 0 45 0
HWI-ST183_0204:4:5:3517:58625#0/1 45 0 45 0
HWI-ST183_0204:4:5:3517:58625#0/2 45 0 45 0
HWI-ST183_0204:4:25:16510:99001#0/1 0 0 0 0
HWI-ST183_0204:4:25:16510:99001#0/2 0 0 0 0
HWI-ST183_0204:4:66:4208:147068#0/1 45 0 45 0
HWI-ST183_0204:4:66:4208:147068#0/2 45 0 45 0
HWI-ST183_0204:4:24:11103:4415#0/1 45 0 45 0
HWI-ST183_0204:4:24:11103:4415#0/2 45 0 45 0
HWI-ST183_0204:4:43:18124:137554#0/1 45 0 45 0
HWI-ST183_0204:4:43:18124:137554#0/2 45 0 45 0
HWI-ST183_0204:4:41:16299:188316#0/1 45 0 45 0
HWI-ST183_0204:4:41:16299:188316#0/2 45 0 45 0
HWI-ST183_0204:4:23:17835:185179#0/1 45 0 45 0
HWI-ST183_0204:4:23:17835:185179#0/2 45 0 45 0
HWI-ST183_0204:4:43:9768:194364#0/1 45 0 45 0
HWI-ST183_0204:4:43:9768:194364#0/2 45 0 45 0
HWI-ST183_0204:4:64:19161:31304#0/1 45 0 45 0
HWI-ST183_0204:4:64:19161:31304#0/2 45 0 45 0
HWI-ST183_0204:4:27:3791:149946#0/1 45 0 45 0
HWI-ST183_0204:4:27:3791:149946#0/2 44 0 44 1
HWI-ST183_0204:4:8:18323:193728#0/1 45 0 45 0
HWI-ST183_0204:4:8:18323:193728#0/2 45 0 45 0
HWI-ST183_0204:4:3:8929:163452#0/1 45 0 45 0
HWI-ST183_0204:4:3:8929:163452#0/2 45 0 45 0
HWI-ST183_0204:4:4:5721:59933#0/1 45 0 45 0
HWI-ST183_0204:4:4:5721:59933#0/2 45 0 45 0
HWI-ST183_0204:4:6:18705:68188#0/1 42 0 42 3
HWI-ST183_0204:4:6:18705:68188#0/2 45 0 45 0
HWI-ST183_0204:4:6:20943:155682#0/1 45 0 45 0
HWI-ST183_0204:4:6:20943:155682#0/2 45 0 45 0
HWI-ST183_0204:4:67:20410:155873#0/1 0 0 0 0
HWI-ST183_0204:4:67:20410:155873#0/2 34 0 34 11
HWI-ST183_0204:4:21:2582:41322#0/1 45 0 45 0
HWI-ST183_0204:4:21:2582:41322#0/2 45 0 45 0
HWI-ST183_0204:4:43:16522:193128#0/1 45 0 45 0
HWI-ST183_0204:4:43:16522:193128#0/2 45 0 45 0
HWI-ST183_0204:4:4:18581:108718#0/1 45 0 45 0
HWI-ST183_0204:4:4:18581:108718#0/2 45 0 45 0
HWI-ST183_0204:4:45:12607:36399#0/1 45 0 45 0
HWI-ST183_0204:4:45:12607:36399#0/2 0 0 0 0
HWI-ST183_0204:4:2:11173:192713#0/1 45 0 45 0
HWI-ST183_0204:4:2:11173:192713#0/2 45 0 45 0
HWI-ST183_0204:4:23:7851:31820#0/1 45 0 45 0
HWI-ST183_0204:4:23:7851:31820#0/2 45 0 45 0
HWI-ST183_0204:4:24:18350:193793#0/1 45 0 45 0
HWI-ST183_0204:4:24:18350:193793#0/2 45 0 45 0
HWI-ST183_0204:4:68:12019:58265#0/1 45 0 45 0
HWI-ST183_0204:4:68:12019:58265#0/2 45 0 45 0
HWI-ST183_0204:4:67:19211:119626#0/1 22 0 22 23
HWI-ST183_0204:4:67:19211:119626#0/2 0 0 0 0
HWI-ST183_0204:4:23:12523:41271#0/1 45 0 45 0
HWI-ST183_0204:4:23:12523:41271#0/2 45 0 45 0
HWI-ST183_0204:4:42:16402:106379#0/1 45 0 45 0
HWI-ST183_0204:4:42:16402:106379#0/2 45 0 45 0
HWI-ST183_0204:4:47:10578:8882#0/1 45 0 45 0
HWI-ST183_0204:4:47:10578:8882#0/2 45 0 45 0
HWI-ST183_0204:4:2:8339:178123#0/1 45 0 45 0
HWI-ST183_0204:4:2:8339:178123#0/2 45 0 45 0
HWI-ST183_0204:4:1:5182:104491#0/1 45 0 45 0
HWI-ST183_0204:4:1:5182:104491#0/2 45 0 45 0
HWI-ST183_0204:4:68:5170:84143#0/1 45 0 45 0
HWI-ST183_0204:4:68:5170:84143#0/2 45 0 45 0
HWI-ST183_0204:4:3:17288:32858#0/1 45 0 45 0
HWI-ST183_0204:4:3:17288:32858#0/2 45 0 45 0
HWI-ST183_0204:4:48:3520:61320#0/1 38 0 38 7
HWI-ST183_0204:4:48:3520:61320#0/2 0 0 0 0
HWI-ST183_0204:4:61:12577:54977#0/1 45 0 45 0
HWI-ST183_0204:4:61:12577:54977#0/2 45 0 45 0
HWI-ST183_0204:4:21:7907:121182#0/1 45 0 45 0
HWI-ST183_0204:4:21:7907:121182#0/2 45 0 45 0
HWI-ST183_0204:4:24:15441:170804#0/1 38 0 38 7
HWI-ST183_0204:4:24:15441:170804#0/2 45 0 45 0
HWI-ST183_0204:4:24:13631:73279#0/1 45 0 45 0
HWI-ST183_0204:4:24:13631:73279#0/2 45 0 45 0
HWI-ST183_0204:4:8:11622:116733#0/1 45 0 45 0
HWI-ST183_0204:4:8:11622:116733#0/2 45 0 45 0
HWI-ST183_0204:4:48:6515:134331#0/1 45 0 45 0
HWI-ST183_0204:4:48:6515:134331#0/2 0 0 0 0
HWI-ST183_0204:4:63:2376:154289#0/1 45 0 45 0
HWI-ST183_0204:4:63:2376:154289#0/2 45 0 45 0
HWI-ST183_0204:4:65:4626:37429#0/1 0 0 0 0
HWI-ST183_0204:4:65:4626:37429#0/2 34 0 34 11
HWI-ST183_0204:4:23:17796:78145#0/1 45 0 45 0
HWI-ST183_0204:4:23:17796:78145#0/2 45 0 45 0
HWI-ST183_0204:4:46:13292:35600#0/1 45 0 45 0
HWI-ST183_0204:4:46:13292:35600#0/2 45 0 45 0
HWI-ST183_0204:4:24:16798:94559#0/1 45 0 45 0
HWI-ST183_0204:4:24:16798:94559#0/2 45 0 45 0
HWI-ST183_0204:4:2:13161:91671#0/1 45 0 45 0
HWI-ST183_0204:4:2:13161:91671#0/2 45 0 45 0
HWI-ST183_0204:4:25:9058:31133#0/1 45 0 45 0
HWI-ST183_0204:4:25:9058:31133#0/2 45 0 45 0
HWI-ST183_0204:4:27:4379:129756#0/1 45 0 45 0
HWI-ST183_0204:4:27:4379:129756#0/2 0 0 0 0
HWI-ST183_0204:4:21:19646:153328#0/1 28 0 28 17
HWI-ST183_0204:4:21:19646:153328#0/2 29 0 29 16
HWI-ST183_0204:4:65:6642:52462#0/1 45 0 45 0
HWI-ST183_0204:4:65:6642:52462#0/2 45 0 45 0
HWI-ST183_0204:4:25:8790:106812#0/1 45 0 45 0
HWI-ST183_0204:4:25:8790:106812#0/2 45 0 45 0
HWI-ST183_0204:4:41:19732:109238#0/1 29 0 29 16
HWI-ST183_0204:4:41:19732:109238#0/2 24 0 24 21
HWI-ST183_0204:4:22:2393:167059#0/1 45 0 45 0
HWI-ST183_0204:4:22:2393:167059#0/2 45 0 45 0
HWI-ST183_0204:4:23:20871:190735#0/1 45 0 45 0
HWI-ST183_0204:4:23:20871:190735#0/2 45 0 45 0
HWI-ST183_0204:4:44:8081:100122#0/1 45 0 45 0
HWI-ST183_0204:4:44:8081:100122#0/2 45 0 45 0
HWI-ST183_0204:4:42:17908:21395#0/1 45 0 45 0
HWI-ST183_0204:4:42:17908:21395#0/2 45 0 45 0
HWI-ST183_0204:4:6:4133:59790#0/1 45 0 45 0
HWI-ST183_0204:4:6:4133:59790#0/2 34 0 34 11
HWI-ST183_0204:4:47:13349:172495#0/1 45 0 45 0
HWI-ST183_0204:4:47:13349:172495#0/2 45 0 45 0
HWI-ST183_0204:4:21:10010:146413#0/1 45 0 45 0
HWI-ST183_0204:4:21:10010:146413#0/2 45 0 45 0
HWI-ST183_0204:4:2:7367:121068#0/1 45 0 45 0
HWI-ST183_0204:4:2:7367:121068#0/2 32 0 32 13
HWI-ST183_0204:4:27:16137:181941#0/1 45 0 45 0
HWI-ST183_0204:4:27:16137:181941#0/2 45 0 45 0
HWI-ST183_0204:4:2:4639:177968#0/1 45 0 45 0
HWI-ST183_0204:4:2:4639:177968#0/2 45 0 45 0
HWI-ST183_0204:4:63:8709:168976#0/1 45 0 45 0
HWI-ST183_0204:4:63:8709:168976#0/2 33 0 33 12
HWI-ST183_0204:4:66:20840:35762#0/1 45 0 45 0
HWI-ST183_0204:4:66:20840:35762#0/2 45 0 45 0
HWI-ST183_0204:4:21:4489:167870#0/1 45 0 45 0
HWI-ST183_0204:4:21:4489:167870#0/2 44 0 44 1
HWI-ST183_0204:4:3:9574:161485#0/1 41 0 41 4
HWI-ST183_0204:4:3:9574:161485#0/2 45 0 45 0
HWI-ST183_0204:4:6:12737:127838#0/1 45 0 45 0
HWI-ST183_0204:4:6:12737:127838#0/2 45 0 45 0
HWI-ST183_0204:4:1:17771:169141#0/1 45 0 45 0
HWI-ST183_0204:4:1:17771:169141#0/2 45 0 45 0
HWI-ST183_0204:4:66:19714:83321#0/1 45 0 45 0
HWI-ST183_0204:4:66:19714:83321#0/2 45 0 45 0
HWI-ST183_0204:4:45:15596:108674#0/1 45 0 45 0
HWI-ST183_0204:4:45:15596:108674#0/2 45 0 45 0
HWI-ST183_0204:4:63:18117:30224#0/1 45 0 45 0
HWI-ST183_0204:4:63:18117:30224#0/2 43 0 43 2
HWI-ST183_0204:4:66:17877:109193#0/1 45 0 45 0
HWI-ST183_0204:4:66:17877:109193#0/2 45 0 45 0
HWI-ST183_0204:4:27:15654:167791#0/1 45 0 45 0
HWI-ST183_0204:4:27:15654:167791#0/2 45 0 45 0
HWI-ST183_0204:4:21:5273:84526#0/1 45 0 45 0
HWI-ST183_0204:4:21:5273:84526#0/2 44 0 44 1
HWI-ST183_0204:4:64:7769:27218#0/1 29 0 29 16
HWI-ST183_0204:4:64:7769:27218#0/2 45 0 45 0
HWI-ST183_0204:4:25:10108:175307#0/1 45 0 45 0
HWI-ST183_0204:4:25:10108:175307#0/2 45 0 45 0
HWI-ST183_0204:4:66:12520:141953#0/1 45 0 45 0
HWI-ST183_0204:4:66:12520:141953#0/2 45 0 45 0
HWI-ST183_0204:4:8:15196:190143#0/1 43 0 43 2
HWI-ST183_0204:4:8:15196:190143#0/2 45 0 45 0
HWI-ST183_0204:4:23:2769:9122#0/1 45 0 45 0
HWI-ST183_0204:4:23:2769:9122#0/2 45 0 45 0
HWI-ST183_0204:4:8:15927:103216#0/1 45 0 45 0
HWI-ST183_0204:4:8:15927:103216#0/2 45 0 45 0
HWI-ST183_0204:4:22:16922:118009#0/1 45 0 45 0
HWI-ST183_0204:4:22:16922:118009#0/2 45 0 45 0
HWI-ST183_0204:4:63:7816:13551#0/1 45 0 45 0
HWI-ST183_0204:4:63:7816:13551#0/2 45 0 45 0
HWI-ST183_0204:4:25:5227:142305#0/1 45 0 45 0
HWI-ST183_0204:4:25:5227:142305#0/2 45 0 45 0
HWI-ST183_0204:4:2:11246:101758#0/1 22 0 22 23
HWI-ST183_0204:4:2:11246:101758#0/2 45 0 45 0
HWI-ST183_0204:4:44:17061:56997#0/1 45 0 45 0
HWI-ST183_0204:4:44:17061:56997#0/2 45 0 45 0
HWI-ST183_0204:4:25:15075:175871#0/1 45 0 45 0
HWI-ST183_0204:4:25:15075:175871#0/2 39 0 39 6
HWI-ST183_0204:4:41:4947:85598#0/1 0 0 0 0
HWI-ST183_0204:4:41:4947:85598#0/2 0 0 0 0
HWI-ST183_0204:4:25:18869:164830#0/1 40 0 40 5
HWI-ST183_0204:4:25:18869:164830#0/2 38 0 38 7
HWI-ST183_0204:4:43:20807:111639#0/1 0 0 0 0
HWI-ST183_0204:4:43:20807:111639#0/2 0 0 0 0
HWI-ST183_0204:4:25:14166:70851#0/1 45 0 45 0
HWI-ST183_0204:4:25:14166:70851#0/2 45 0 45 0
HWI-ST183_0204:4:2:12004:169232#0/1 45 0 45 0
HWI-ST183_0204:4:2:12004:169232#0/2 45 0 45 0
HWI-ST183_0204:4:42:16589:181020#0/1 45 0 45 0
HWI-ST183_0204:4:42:16589:181020#0/2 45 0 45 0
HWI-ST183_0204:4:47:11282:183995#0/1 45 0 45 0
HWI-ST183_0204:4:47:11282:183995#0/2 0 0 0 0
HWI-ST183_0204:4:21:11194:12402#0/1 45 0 45 0
HWI-ST183_0204:4:21:11194:12402#0/2 45 0 45 0
HWI-ST183_0204:4:27:12291:48089#0/1 45 0 45 0
HWI-ST183_0204:4:27:12291:48089#0/2 45 0 45 0
HWI-ST183_0204:4:45:7287:191509#0/1 45 0 45 0
HWI-ST183_0204:4:45:7287:191509#0/2 45 0 45 0
HWI-ST183_0204:4:48:10066:146574#0/1 45 0 45 0
HWI-ST183_0204:4:48:10066:146574#0/2 0 0 0 0
HWI-ST183_0204:4:62:1675:193090#0/1 45 0 45 0
HWI-ST183_0204:4:62:1675:193090#0/2 45 0 45 0
HWI-ST183_0204:4:62:10616:120431#0/1 45 0 45 0
HWI-ST183_0204:4:62:10616:120431#0/2 39 0 39 6
HWI-ST183_0204:4:61:9263:177096#0/1 45 0 45 0
HWI-ST183_0204:4:61:9263:177096#0/2 45 0 45 0
HWI-ST183_0204:4:42:21126:17124#0/1 45 0 45 0
HWI-ST183_0204:4:42:21126:17124#0/2 45 0 45 0
HWI-ST183_0204:4:44:3555:27378#0/1 44 0 44 1
HWI-ST183_0204:4:44:3555:27378#0/2 45 0 45 0
HWI-ST183_0204:4:25:13207:32249#0/1 39 0 39 6
HWI-ST183_0204:4:25:13207:32249#0/2 0 0 0 0
HWI-ST183_0204:4:41:11662:171962#0/1 45 0 45 0
HWI-ST183_0204:4:41:11662:171962#0/2 45 0 45 0
HWI-ST183_0204:4:25:12690:168110#0/1 45 0 45 0
HWI-ST183_0204:4:25:12690:168110#0/2 45 0 45 0
HWI-ST183_0204:4:6:1397:189185#0/1 33 0 33 12
HWI-ST183_0204:4:6:1397:189185#0/2 34 0 34 11
HWI-ST183_0204:4:62:11565:11828#0/1 45 0 45 0
HWI-ST183_0204:4:62:11565:11828#0/2 45 0 45 0
HWI-ST183_0204:4:62:21166:135569#0/1 45 0 45 0
HWI-ST183_0204:4:62:21166:135569#0/2 23 0 23 22
HWI-ST183_0204:4:47:16302:136886#0/1 45 0 45 0
HWI-ST183_0204:4:47:16302:136886#0/2 45 0 45 0
HWI-ST183_0204:4:63:2777:20221#0/1 45 0 45 0
HWI-ST183_0204:4:63:2777:20221#0/2 38 0 38 7
HWI-ST183_0204:4:67:8919:57328#0/1 45 0 45 0
HWI-ST183_0204:4:67:8919:57328#0/2 0 0 0 0
HWI-ST183_0204:4:48:13071:180546#0/1 45 0 45 0
HWI-ST183_0204:4:48:13071:180546#0/2 0 0 0 0
HWI-ST183_0204:4:23:20004:54370#0/1 44 0 44 1
HWI-ST183_0204:4:23:20004:54370#0/2 45 0 45 0
HWI-ST183_0204:4:43:18391:80220#0/1 45 0 45 0
HWI-ST183_0204:4:43:18391:80220#0/2 45 0 45 0
HWI-ST183_0204:4:47:3757:167162#0/1 45 0 45 0
HWI-ST183_0204:4:47:3757:167162#0/2 45 0 45 0
HWI-ST183_0204:4:22:20906:112480#0/1 45 0 45 0
HWI-ST183_0204:4:22:20906:112480#0/2 45 0 45 0
HWI-ST183_0204:4:41:17509:79824#0/1 36 0 36 9
HWI-ST183_0204:4:41:17509:79824#0/2 45 0 45 0
HWI-ST183_0204:4:23:4351:194666#0/1 45 0 45 0
HWI-ST183_0204:4:23:4351:194666#0/2 45 0 45 0
HWI-ST183_0204:4:64:9181:94808#0/1 45 0 45 0
HWI-ST183_0204:4:64:9181:94808#0/2 45 0 45 0
HWI-ST183_0204:4:8:4115:136512#0/1 44 0 44 1
HWI-ST183_0204:4:8:4115:136512#0/2 45 0 45 0
HWI-ST183_0204:4:42:12667:198570#0/1 45 0 45 0
HWI-ST183_0204:4:42:12667:198570#0/2 45 0 45 0
HWI-ST183_0204:4:61:19554:31964#0/1 29 0 29 16
HWI-ST183_0204:4:61:19554:31964#0/2 29 0 29 16
HWI-ST183_0204:4:23:12779:44614#0/1 0 0 0 0
HWI-ST183_0204:4:23:12779:44614#0/2 0 0 0 0
HWI-ST183_0204:4:1:20021:154430#0/1 45 0 45 0
HWI-ST183_0204:4:1:20021:154430#0/2 37 0 37 8
HWI-ST183_0204:4:25:11999:6530#0/1 45 0 45 0
HWI-ST183_0204:4:25:11999:6530#0/2 45 0 45 0
HWI-ST183_0204:4:41:17849:138732#0/1 45 0 45 0
HWI-ST183_0204:4:41:17849:138732#0/2 45 0 45 0
HWI-ST183_0204:4:66:12868:10119#0/1 45 0 45 0
HWI-ST183_0204:4:66:12868:10119#0/2 45 0 45 0
HWI-ST183_0204:4:61:6202:195772#0/1 45 0 45 0
HWI-ST183_0204:4:61:6202:195772#0/2 45 0 45 0
HWI-ST183_0204:4:64:10884:59790#0/1 45 0 45 0
HWI-ST183_0204:4:64:10884:59790#0/2 45 0 45 0
HWI-ST183_0204:4:62:5826:92218#0/1 45 0 45 0
HWI-ST183_0204:4:62:5826:92218#0/2 45 0 45 0
HWI-ST183_0204:4:8:10376:29002#0/1 41 0 41 4
HWI-ST183_0204:4:8:10376:29002#0/2 34 0 34 11
HWI-ST183_0204:4:21:10910:184988#0/1 45 0 45 0
HWI-ST183_0204:4:21:10910:184988#0/2 45 0 45 0
HWI-ST183_0204:4:25:17655:20313#0/1 45 0 45 0
HWI-ST183_0204:4:25:17655:20313#0/2 45 0 45 0
HWI-ST183_0204:4:23:12784:95095#0/1 45 0 45 0
HWI-ST183_0204:4:23:12784:95095#0/2 45 0 45 0
HWI-ST183_0204:4:68:14841:153355#0/1 45 0 45 0
HWI-ST183_0204:4:68:14841:153355#0/2 38 0 38 7
HWI-ST183_0204:4:68:10789:123652#0/1 45 0 45 0
HWI-ST183_0204:4:68:10789:123652#0/2 41 0 41 4
HWI-ST183_0204:4:24:9227:104506#0/1 45 0 45 0
HWI-ST183_0204:4:24:9227:104506#0/2 45 0 45 0
HWI-ST183_0204:4:6:18831:154625#0/1 45 0 45 0
HWI-ST183_0204:4:6:18831:154625#0/2 45 0 45 0
HWI-ST183_0204:4:65:14028:165506#0/1 45 0 45 0
HWI-ST183_0204:4:65:14028:165506#0/2 45 0 45 0
HWI-ST183_0204:4:26:4041:6429#0/1 45 0 45 0
HWI-ST183_0204:4:26:4041:6429#0/2 45 0 45 0
HWI-ST183_0204:4:62:17993:45962#0/1 45 0 45 0
HWI-ST183_0204:4:62:17993:45962#0/2 44 0 44 1
HWI-ST183_0204:4:61:8147:13109#0/1 45 0 45 0
HWI-ST183_0204:4:61:8147:13109#0/2 45 0 45 0
HWI-ST183_0204:4:25:10120:26683#0/1 45 0 45 0
HWI-ST183_0204:4:25:10120:26683#0/2 45 0 45 0
HWI-ST183_0204:4:41:4896:139782#0/1 45 0 45 0
HWI-ST183_0204:4:41:4896:139782#0/2 0 0 0 0
HWI-ST183_0204:4:2:6657:58260#0/1 45 0 45 0
HWI-ST183_0204:4:2:6657:58260#0/2 43 0 43 2
HWI-ST183_0204:4:24:13422:193545#0/1 45 0 45 0
HWI-ST183_0204:4:24:13422:193545#0/2 45 0 45 0
HWI-ST183_0204:4:25:7679:66767#0/1 45 0 45 0
HWI-ST183_0204:4:25:7679:66767#0/2 45 0 45 0
HWI-ST183_0204:4:8:6835:62925#0/1 21 0 21 24
HWI-ST183_0204:4:8:6835:62925#0/2 0 0 0 0
HWI-ST183_0204:4:2:21052:11770#0/1 45 0 45 0
HWI-ST183_0204:4:2:21052:11770#0/2 45 0 45 0
HWI-ST183_0204:4:21:16777:19480#0/1 45 0 45 0
HWI-ST183_0204:4:21:16777:19480#0/2 45 0 45 0
HWI-ST183_0204:4:6:19212:2705#0/1 38 0 38 7
HWI-ST183_0204:4:6:19212:2705#0/2 45 0 45 0
HWI-ST183_0204:4:61:15097:66072#0/1 45 0 45 0
HWI-ST183_0204:4:61:15097:66072#0/2 45 0 45 0
HWI-ST183_0204:4:48:11468:9923#0/1 45 0 45 0
HWI-ST183_0204:4:48:11468:9923#0/2 0 0 0 0
HWI-ST183_0204:4:48:13740:199371#0/1 45 0 45 0
HWI-ST183_0204:4:48:13740:199371#0/2 0 0 0 0
HWI-ST183_0204:4:45:9681:26047#0/1 45 0 45 0
HWI-ST183_0204:4:45:9681:26047#0/2 45 0 45 0
HWI-ST183_0204:4:8:7654:119963#0/1 45 0 45 0
HWI-ST183_0204:4:8:7654:119963#0/2 42 0 42 3
HWI-ST183_0204:4:63:1334:106752#0/1 45 0 45 0
HWI-ST183_0204:4:63:1334:106752#0/2 45 0 45 0
HWI-ST183_0204:4:3:2224:159151#0/1 45 0 45 0
HWI-ST183_0204:4:3:2224:159151#0/2 39 0 39 6
HWI-ST183_0204:4:23:12180:156711#0/1 45 0 45 0
HWI-ST183_0204:4:23:12180:156711#0/2 45 0 45 0
HWI-ST183_0204:4:44:12511:2314#0/1 45 0 45 0
HWI-ST183_0204:4:44:12511:2314#0/2 45 0 45 0
HWI-ST183_0204:4:47:16387:115525#0/1 45 0 45 0
HWI-ST183_0204:4:47:16387:115525#0/2 45 0 45 0
HWI-ST183_0204:4:62:19321:168276#0/1 45 0 45 0
HWI-ST183_0204:4:62:19321:168276#0/2 39 0 39 6
HWI-ST183_0204:4:46:20920:15313#0/1 45 0 45 0
HWI-ST183_0204:4:46:20920:15313#0/2 45 0 45 0
HWI-ST183_0204:4:63:14747:10465#0/1 45 0 45 0
HWI-ST183_0204:4:63:14747:10465#0/2 34 0 34 11
HWI-ST183_0204:4:62:3413:2081#0/1 45 0 45 0
HWI-ST183_0204:4:62:3413:2081#0/2 45 0 45 0
HWI-ST183_0204:4:41:3481:113430#0/1 38 0 38 7
HWI-ST183_0204:4:41:3481:113430#0/2 0 0 0 0
HWI-ST183_0204:4:23:8595:107933#0/1 31 0 31 14
HWI-ST183_0204:4:23:8595:107933#0/2 32 0 32 13
HWI-ST183_0204:4:8:8555:179971#0/1 0 0 0 0
HWI-ST183_0204:4:8:8555:179971#0/2 0 0 0 0
HWI-ST183_0204:4:24:15698:157013#0/1 45 0 45 0
HWI-ST183_0204:4:24:15698:157013#0/2 45 0 45 0
HWI-ST183_0204:4:1:19200:131695#0/1 45 0 45 0
HWI-ST183_0204:4:1:19200:131695#0/2 45 0 45 0
HWI-ST183_0204:4:47:11643:20964#0/1 45 0 45 0
HWI-ST183_0204:4:47:11643:20964#0/2 45 0 45 0
HWI-ST183_0204:4:24:5837:70091#0/1 38 0 38 7
HWI-ST183_0204:4:24:5837:70091#0/2 45 0 45 0
HWI-ST183_0204:4:47:5116:170574#0/1 45 0 45 0
HWI-ST183_0204:4:47:5116:170574#0/2 45 0 45 0
HWI-ST183_0204:4:45:9839:16679#0/1 45 0 45 0
HWI-ST183_0204:4:45:9839:16679#0/2 45 0 45 0
HWI-ST183_0204:4:65:18336:172892#0/1 45 0 45 0
HWI-ST183_0204:4:65:18336:172892#0/2 45 0 45 0
HWI-ST183_0204:4:64:6309:184432#0/1 45 0 45 0
HWI-ST183_0204:4:64:6309:184432#0/2 45 0 45 0
HWI-ST183_0204:4:22:5740:156652#0/1 20 0 20 25
HWI-ST183_0204:4:22:5740:156652#0/2 45 0 45 0
HWI-ST183_0204:4:2:20468:62547#0/1 45 0 45 0
HWI-ST183_0204:4:2:20468:62547#0/2 45 0 45 0
HWI-ST183_0204:4:47:7203:77840#0/1 0 0 0 0
HWI-ST183_0204:4:47:7203:77840#0/2 45 0 45 0
HWI-ST183_0204:4:68:9477:162808#0/1 45 0 45 0
HWI-ST183_0204:4:68:9477:162808#0/2 45 0 45 0
HWI-ST183_0204:4:64:20941:5340#0/1 45 0 45 0
HWI-ST183_0204:4:64:20941:5340#0/2 33 0 33 12
HWI-ST183_0204:4:24:17773:61052#0/1 45 0 45 0
HWI-ST183_0204:4:24:17773:61052#0/2 45 0 45 0
HWI-ST183_0204:4:64:4836:66242#0/1 45 0 45 0
HWI-ST183_0204:4:64:4836:66242#0/2 0 0 0 0
HWI-ST183_0204:4:63:4038:180584#0/1 45 0 45 0
HWI-ST183_0204:4:63:4038:180584#0/2 45 0 45 0
HWI-ST183_0204:4:4:1909:113547#0/1 45 0 45 0
HWI-ST183_0204:4:4:1909:113547#0/2 43 0 43 2
HWI-ST183_0204:4:63:6227:3665#0/1 45 0 45 0
HWI-ST183_0204:4:63:6227:3665#0/2 45 0 45 0
HWI-ST183_0204:4:43:16714:11433#0/1 45 0 45 0
HWI-ST183_0204:4:43:16714:11433#0/2 45 0 45 0
HWI-ST183_0204:4:8:10603:51918#0/1 45 0 45 0
HWI-ST183_0204:4:8:10603:51918#0/2 37 0 37 8
HWI-ST183_0204:4:64:20941:30943#0/1 45 0 45 0
HWI-ST183_0204:4:64:20941:30943#0/2 45 0 45 0
HWI-ST183_0204:4:3:14190:62393#0/1 45 0 45 0
HWI-ST183_0204:4:3:14190:62393#0/2 45 0 45 0
HWI-ST183_0204:4:65:18143:118994#0/1 45 0 45 0
HWI-ST183_0204:4:65:18143:118994#0/2 45 0 45 0
HWI-ST183_0204:4:43:7846:118363#0/1 25 0 25 20
HWI-ST183_0204:4:43:7846:118363#0/2 44 0 44 1
HWI-ST183_0204:4:2:14180:77469#0/1 45 0 45 0
HWI-ST183_0204:4:2:14180:77469#0/2 45 0 45 0
HWI-ST183_0204:4:5:7640:77100#0/1 45 0 45 0
HWI-ST183_0204:4:5:7640:77100#0/2 45 0 45 0
HWI-ST183_0204:4:48:7771:133851#0/1 45 0 45 0
HWI-ST183_0204:4:48:7771:133851#0/2 0 0 0 0
HWI-ST183_0204:4:41:19700:152312#0/1 45 0 45 0
HWI-ST183_0204:4:41:19700:152312#0/2 45 0 45 0
HWI-ST183_0204:4:48:11348:121988#0/1 28 0 28 17
HWI-ST183_0204:4:48:11348:121988#0/2 0 0 0 0
HWI-ST183_0204:4:41:4934:79158#0/1 45 0 45 0
HWI-ST183_0204:4:41:4934:79158#0/2 24 0 24 21
HWI-ST183_0204:4:4:19012:161509#0/1 45 0 45 0
HWI-ST183_0204:4:4:19012:161509#0/2 45 0 45 0
HWI-ST183_0204:4:45:2316:147776#0/1 44 0 44 1
HWI-ST183_0204:4:45:2316:147776#0/2 39 0 39 6
HWI-ST183_0204:4:65:6043:70612#0/1 45 0 45 0
HWI-ST183_0204:4:65:6043:70612#0/2 45 0 45 0
HWI-ST183_0204:4:61:19410:99853#0/1 28 0 28 17
HWI-ST183_0204:4:61:19410:99853#0/2 28 0 28 17
HWI-ST183_0204:4:4:5322:63612#0/1 45 0 45 0
HWI-ST183_0204:4:4:5322:63612#0/2 45 0 45 0
HWI-ST183_0204:4:41:14713:21782#0/1 31 0 31 14
HWI-ST183_0204:4:41:14713:21782#0/2 37 0 37 8
HWI-ST183_0204:4:63:18021:157383#0/1 45 0 45 0
HWI-ST183_0204:4:63:18021:157383#0/2 45 0 45 0
HWI-ST183_0204:4:23:8611:115800#0/1 45 0 45 0
HWI-ST183_0204:4:23:8611:115800#0/2 45 0 45 0
HWI-ST183_0204:4:1:19837:193811#0/1 45 0 45 0
HWI-ST183_0204:4:1:19837:193811#0/2 45 0 45 0
HWI-ST183_0204:4:63:4018:127878#0/1 45 0 45 0
HWI-ST183_0204:4:63:4018:127878#0/2 45 0 45 0
HWI-ST183_0204:4:2:6747:35733#0/1 45 0 45 0
HWI-ST183_0204:4:2:6747:35733#0/2 45 0 45 0
HWI-ST183_0204:4:63:13923:15885#0/1 45 0 45 0
HWI-ST183_0204:4:63:13923:15885#0/2 45 0 45 0
HWI-ST183_0204:4:67:3041:173438#0/1 45 0 45 0
HWI-ST183_0204:4:67:3041:173438#0/2 39 0 39 6
HWI-ST183_0204:4:67:7485:36385#0/1 45 0 45 0
HWI-ST183_0204:4:67:7485:36385#0/2 45 0 45 0
HWI-ST183_0204:4:22:12697:44176#0/1 45 0 45 0
HWI-ST183_0204:4:22:12697:44176#0/2 45 0 45 0
HWI-ST183_0204:4:42:12463:89357#0/1 45 0 45 0
HWI-ST183_0204:4:42:12463:89357#0/2 32 0 32 13
HWI-ST183_0204:4:8:11083:67710#0/1 45 0 45 0
HWI-ST183_0204:4:8:11083:67710#0/2 45 0 45 0
HWI-ST183_0204:4:44:20724:41759#0/1 41 0 41 4
HWI-ST183_0204:4:44:20724:41759#0/2 45 0 45 0
HWI-ST183_0204:4:24:16220:103151#0/1 45 0 45 0
HWI-ST183_0204:4:24:16220:103151#0/2 45 0 45 0
HWI-ST183_0204:4:45:11294:157938#0/1 38 0 38 7
HWI-ST183_0204:4:45:11294:157938#0/2 45 0 45 0
HWI-ST183_0204:4:61:2936:141000#0/1 45 0 45 0
HWI-ST183_0204:4:61:2936:141000#0/2 45 0 45 0
HWI-ST183_0204:4:61:3989:133819#0/1 45 0 45 0
HWI-ST183_0204:4:61:3989:133819#0/2 45 0 45 0
HWI-ST183_0204:4:4:18392:136457#0/1 45 0 45 0
HWI-ST183_0204:4:4:18392:136457#0/2 45 0 45 0
HWI-ST183_0204:4:24:10852:198743#0/1 45 0 45 0
HWI-ST183_0204:4:24:10852:198743#0/2 0 0 0 0
HWI-ST183_0204:4:43:10585:22946#0/1 45 0 45 0
HWI-ST183_0204:4:43:10585:22946#0/2 45 0 45 0
HWI-ST183_0204:4:66:14477:75206#0/1 45 0 45 0
HWI-ST183_0204:4:66:14477:75206#0/2 29 0 29 16
HWI-ST183_0204:4:2:2983:69779#0/1 34 0 34 11
HWI-ST183_0204:4:2:2983:69779#0/2 29 0 29 16
HWI-ST183_0204:4:23:18576:22566#0/1 45 0 45 0
HWI-ST183_0204:4:23:18576:22566#0/2 45 0 45 0
HWI-ST183_0204:4:62:3112:147513#0/1 45 0 45 0
HWI-ST183_0204:4:62:3112:147513#0/2 45 0 45 0
HWI-ST183_0204:4:68:7929:178662#0/1 0 0 0 0
HWI-ST183_0204:4:68:7929:178662#0/2 45 0 45 0
HWI-ST183_0204:4:43:19513:196752#0/1 45 0 45 0
HWI-ST183_0204:4:43:19513:196752#0/2 45 0 45 0
HWI-ST183_0204:4:1:12910:34878#0/1 45 0 45 0
HWI-ST183_0204:4:1:12910:34878#0/2 45 0 45 0
HWI-ST183_0204:4:68:18872:136785#0/1 45 0 45 0
HWI-ST183_0204:4:68:18872:136785#0/2 45 0 45 0
HWI-ST183_0204:4:48:6120:96929#0/1 45 0 45 0
HWI-ST183_0204:4:48:6120:96929#0/2 0 0 0 0
HWI-ST183_0204:4:47:4439:14162#0/1 45 0 45 0
HWI-ST183_0204:4:47:4439:14162#0/2 45 0 45 0
HWI-ST183_0204:4:21:16308:158293#0/1 45 0 45 0
HWI-ST183_0204:4:21:16308:158293#0/2 45 0 45 0
HWI-ST183_0204:4:68:12371:193678#0/1 45 0 45 0
HWI-ST183_0204:4:68:12371:193678#0/2 37 0 37 8
HWI-ST183_0204:4:41:3070:124887#0/1 39 0 39 6
HWI-ST183_0204:4:41:3070:124887#0/2 35 0 35 10
HWI-ST183_0204:4:63:18228:16849#0/1 45 0 45 0
HWI-ST183_0204:4:63:18228:16849#0/2 45 0 45 0
HWI-ST183_0204:4:47:8270:5364#0/1 45 0 45 0
HWI-ST183_0204:4:47:8270:5364#0/2 45 0 45 0
HWI-ST183_0204:4:48:7708:41059#0/1 45 0 45 0
HWI-ST183_0204:4:48:7708:41059#0/2 0 0 0 0
HWI-ST183_0204:4:2:13058:189181#0/1 45 0 45 0
HWI-ST183_0204:4:2:13058:189181#0/2 45 0 45 0
HWI-ST183_0204:4:66:19213:8849#0/1 45 0 45 0
HWI-ST183_0204:4:66:19213:8849#0/2 45 0 45 0
HWI-ST183_0204:4:48:7634:93608#0/1 37 0 37 8
HWI-ST183_0204:4:48:7634:93608#0/2 0 0 0 0
HWI-ST183_0204:4:2:19345:26623#0/1 45 0 45 0
HWI-ST183_0204:4:2:19345:26623#0/2 45 0 45 0
HWI-ST183_0204:4:41:8385:24444#0/1 45 0 45 0
HWI-ST183_0204:4:41:8385:24444#0/2 45 0 45 0
HWI-ST183_0204:4:46:15244:78484#0/1 45 0 45 0
HWI-ST183_0204:4:46:15244:78484#0/2 45 0 45 0
HWI-ST183_0204:4:5:4066:170053#0/1 45 0 45 0
HWI-ST183_0204:4:5:4066:170053#0/2 45 0 45 0
HWI-ST183_0204:4:4:4488:190426#0/1 45 0 45 0
HWI-ST183_0204:4:4:4488:190426#0/2 0 0 0 0
HWI-ST183_0204:4:66:1821:134350#0/1 45 0 45 0
HWI-ST183_0204:4:66:1821:134350#0/2 45 0 45 0
HWI-ST183_0204:4:43:9181:182253#0/1 45 0 45 0
HWI-ST183_0204:4:43:9181:182253#0/2 45 0 45 0
HWI-ST183_0204:4:61:15295:144651#0/1 45 0 45 0
HWI-ST183_0204:4:61:15295:144651#0/2 45 0 45 0
HWI-ST183_0204:4:43:10080:18216#0/1 45 0 45 0
HWI-ST183_0204:4:43:10080:18216#0/2 45 0 45 0
HWI-ST183_0204:4:47:13787:118271#0/1 45 0 45 0
HWI-ST183_0204:4:47:13787:118271#0/2 45 0 45 0
HWI-ST183_0204:4:24:5662:33232#0/1 31 0 31 14
HWI-ST183_0204:4:24:5662:33232#0/2 0 0 0 0
HWI-ST183_0204:4:43:17730:121624#0/1 45 0 45 0
HWI-ST183_0204:4:43:17730:121624#0/2 0 0 0 0
HWI-ST183_0204:4:21:12542:158286#0/1 45 0 45 0
HWI-ST183_0204:4:21:12542:158286#0/2 45 0 45 0
HWI-ST183_0204:4:26:12464:16888#0/1 45 0 45 0
HWI-ST183_0204:4:26:12464:16888#0/2 45 0 45 0
HWI-ST183_0204:4:65:13241:172500#0/1 45 0 45 0
HWI-ST183_0204:4:65:13241:172500#0/2 45 0 45 0
HWI-ST183_0204:4:68:15000:28756#0/1 39 0 39 6
HWI-ST183_0204:4:68:15000:28756#0/2 45 0 45 0
HWI-ST183_0204:4:22:12258:44684#0/1 45 0 45 0
HWI-ST183_0204:4:22:12258:44684#0/2 45 0 45 0
HWI-ST183_0204:4:25:1256:121140#0/1 45 0 45 0
HWI-ST183_0204:4:25:1256:121140#0/2 45 0 45 0
HWI-ST183_0204:4:23:16580:155230#0/1 45 0 45 0
HWI-ST183_0204:4:23:16580:155230#0/2 45 0 45 0
HWI-ST183_0204:4:41:9824:189165#0/1 45 0 45 0
HWI-ST183_0204:4:41:9824:189165#0/2 45 0 45 0
HWI-ST183_0204:4:21:12828:133215#0/1 45 0 45 0
HWI-ST183_0204:4:21:12828:133215#0/2 45 0 45 0
HWI-ST183_0204:4:23:8275:185761#0/1 45 0 45 0
HWI-ST183_0204:4:23:8275:185761#0/2 45 0 45 0
HWI-ST183_0204:4:41:11158:129838#0/1 45 0 45 0
HWI-ST183_0204:4:41:11158:129838#0/2 45 0 45 0
HWI-ST183_0204:4:25:12955:96159#0/1 45 0 45 0
HWI-ST183_0204:4:25:12955:96159#0/2 45 0 45 0
HWI-ST183_0204:4:21:1983:109892#0/1 38 0 38 7
HWI-ST183_0204:4:21:1983:109892#0/2 45 0 45 0
HWI-ST183_0204:4:23:20925:149178#0/1 42 0 42 3
HWI-ST183_0204:4:23:20925:149178#0/2 39 0 39 6
HWI-ST183_0204:4:22:2806:63523#0/1 45 0 45 0
HWI-ST183_0204:4:22:2806:63523#0/2 45 0 45 0
HWI-ST183_0204:4:25:13136:168803#0/1 45 0 45 0
HWI-ST183_0204:4:25:13136:168803#0/2 45 0 45 0
HWI-ST183_0204:4:27:14308:45450#0/1 45 0 45 0
HWI-ST183_0204:4:27:14308:45450#0/2 45 0 45 0
HWI-ST183_0204:4:42:6523:110989#0/1 45 0 45 0
HWI-ST183_0204:4:42:6523:110989#0/2 45 0 45 0
HWI-ST183_0204:4:26:12667:194965#0/1 45 0 45 0
HWI-ST183_0204:4:26:12667:194965#0/2 45 0 45 0
HWI-ST183_0204:4:23:9304:36663#0/1 45 0 45 0
HWI-ST183_0204:4:23:9304:36663#0/2 45 0 45 0
HWI-ST183_0204:4:21:12823:144814#0/1 45 0 45 0
HWI-ST183_0204:4:21:12823:144814#0/2 45 0 45 0
HWI-ST183_0204:4:61:1447:52007#0/1 45 0 45 0
HWI-ST183_0204:4:61:1447:52007#0/2 45 0 45 0
HWI-ST183_0204:4:68:8915:199802#0/1 45 0 45 0
HWI-ST183_0204:4:68:8915:199802#0/2 0 0 0 0
HWI-ST183_0204:4:65:12910:31381#0/1 45 0 45 0
HWI-ST183_0204:4:65:12910:31381#0/2 45 0 45 0
HWI-ST183_0204:4:47:3387:97843#0/1 45 0 45 0
HWI-ST183_0204:4:47:3387:97843#0/2 33 0 33 12
HWI-ST183_0204:4:61:17841:76188#0/1 43 0 43 2
HWI-ST183_0204:4:61:17841:76188#0/2 45 0 45 0
HWI-ST183_0204:4:45:7967:82893#0/1 45 0 45 0
HWI-ST183_0204:4:45:7967:82893#0/2 45 0 45 0
HWI-ST183_0204:4:68:18376:97724#0/1 45 0 45 0
HWI-ST183_0204:4:68:18376:97724#0/2 24 0 24 21
HWI-ST183_0204:4:68:2688:130087#0/1 45 0 45 0
HWI-ST183_0204:4:68:2688:130087#0/2 42 0 42 3
HWI-ST183_0204:4:23:13377:34500#0/1 45 0 45 0
HWI-ST183_0204:4:23:13377:34500#0/2 45 0 45 0
HWI-ST183_0204:4:42:20056:34832#0/1 45 0 45 0
HWI-ST183_0204:4:42:20056:34832#0/2 45 0 45 0
HWI-ST183_0204:4:64:4002:8260#0/1 45 0 45 0
HWI-ST183_0204:4:64:4002:8260#0/2 45 0 45 0
HWI-ST183_0204:4:21:14083:108888#0/1 29 0 29 16
HWI-ST183_0204:4:21:14083:108888#0/2 0 0 0 0
HWI-ST183_0204:4:42:5753:54850#0/1 45 0 45 0
HWI-ST183_0204:4:42:5753:54850#0/2 45 0 45 0
HWI-ST183_0204:4:3:17050:60624#0/1 45 0 45 0
HWI-ST183_0204:4:3:17050:60624#0/2 45 0 45 0
HWI-ST183_0204:4:61:11835:125660#0/1 45 0 45 0
HWI-ST183_0204:4:61:11835:125660#0/2 45 0 45 0
HWI-ST183_0204:4:6:10600:190667#0/1 45 0 45 0
HWI-ST183_0204:4:6:10600:190667#0/2 0 0 0 0
HWI-ST183_0204:4:22:11501:98953#0/1 43 0 43 2
HWI-ST183_0204:4:22:11501:98953#0/2 45 0 45 0
HWI-ST183_0204:4:23:18255:88801#0/1 45 0 45 0
HWI-ST183_0204:4:23:18255:88801#0/2 38 0 38 7
HWI-ST183_0204:4:48:7778:21291#0/1 45 0 45 0
HWI-ST183_0204:4:48:7778:21291#0/2 0 0 0 0
HWI-ST183_0204:4:41:3220:165877#0/1 45 0 45 0
HWI-ST183_0204:4:41:3220:165877#0/2 25 0 25 20
HWI-ST183_0204:4:48:8178:85250#0/1 44 0 44 1
HWI-ST183_0204:4:48:8178:85250#0/2 0 0 0 0
HWI-ST183_0204:4:6:2167:69204#0/1 22 0 22 23
HWI-ST183_0204:4:6:2167:69204#0/2 0 0 0 0
HWI-ST183_0204:4:22:15427:65266#0/1 45 0 45 0
HWI-ST183_0204:4:22:15427:65266#0/2 45 0 45 0
HWI-ST183_0204:4:42:9531:102033#0/1 45 0 45 0
HWI-ST183_0204:4:42:9531:102033#0/2 45 0 45 0
HWI-ST183_0204:4:46:21172:200054#0/1 45 0 45 0
HWI-ST183_0204:4:46:21172:200054#0/2 45 0 45 0
HWI-ST183_0204:4:4:16538:39619#0/1 45 0 45 0
HWI-ST183_0204:4:4:16538:39619#0/2 45 0 45 0
HWI-ST183_0204:4:22:17150:68277#0/1 45 0 45 0
HWI-ST183_0204:4:22:17150:68277#0/2 45 0 45 0
HWI-ST183_0204:4:3:8327:185129#0/1 39 0 39 6
HWI-ST183_0204:4:3:8327:185129#0/2 45 0 45 0
HWI-ST183_0204:4:48:7781:11846#0/1 20 0 20 25
HWI-ST183_0204:4:48:7781:11846#0/2 0 0 0 0
HWI-ST183_0204:4:6:7504:54828#0/1 45 0 45 0
HWI-ST183_0204:4:6:7504:54828#0/2 45 0 45 0
HWI-ST183_0204:4:5:6643:45768#0/1 45 0 45 0
HWI-ST183_0204:4:5:6643:45768#0/2 27 0 27 18
HWI-ST183_0204:4:5:2502:92787#0/1 45 0 45 0
HWI-ST183_0204:4:5:2502:92787#0/2 32 0 32 13
HWI-ST183_0204:4:46:8760:121384#0/1 45 0 45 0
HWI-ST183_0204:4:46:8760:121384#0/2 45 0 45 0
HWI-ST183_0204:4:68:17072:157345#0/1 36 0 36 9
HWI-ST183_0204:4:68:17072:157345#0/2 0 0 0 0
HWI-ST183_0204:4:44:12990:42662#0/1 45 0 45 0
HWI-ST183_0204:4:44:12990:42662#0/2 45 0 45 0
HWI-ST183_0204:4:8:14508:3291#0/1 45 0 45 0
HWI-ST183_0204:4:8:14508:3291#0/2 45 0 45 0
HWI-ST183_0204:4:8:12410:4948#0/1 45 0 45 0
HWI-ST183_0204:4:8:12410:4948#0/2 45 0 45 0
HWI-ST183_0204:4:4:11590:132391#0/1 45 0 45 0
HWI-ST183_0204:4:4:11590:132391#0/2 45 0 45 0
HWI-ST183_0204:4:63:19785:134635#0/1 35 0 35 10
HWI-ST183_0204:4:63:19785:134635#0/2 38 0 38 7
HWI-ST183_0204:4:62:7754:21245#0/1 45 0 45 0
HWI-ST183_0204:4:62:7754:21245#0/2 45 0 45 0
HWI-ST183_0204:4:2:4662:196181#0/1 0 0 0 0
HWI-ST183_0204:4:2:4662:196181#0/2 33 0 33 12
HWI-ST183_0204:4:65:12987:196912#0/1 45 0 45 0
HWI-ST183_0204:4:65:12987:196912#0/2 0 0 0 0
HWI-ST183_0204:4:44:4610:7870#0/1 45 0 45 0
HWI-ST183_0204:4:44:4610:7870#0/2 45 0 45 0
HWI-ST183_0204:4:41:16532:156132#0/1 44 0 44 1
HWI-ST183_0204:4:41:16532:156132#0/2 0 0 0 0
HWI-ST183_0204:4:61:15428:65075#0/1 44 0 44 1
HWI-ST183_0204:4:61:15428:65075#0/2 45 0 45 0
HWI-ST183_0204:4:6:1958:146347#0/1 0 0 0 0
HWI-ST183_0204:4:6:1958:146347#0/2 36 0 36 9
HWI-ST183_0204:4:66:8953:48795#0/1 45 0 45 0
HWI-ST183_0204:4:66:8953:48795#0/2 45 0 45 0
HWI-ST183_0204:4:68:5075:163994#0/1 45 0 45 0
HWI-ST183_0204:4:68:5075:163994#0/2 43 0 43 2
HWI-ST183_0204:4:42:12402:136933#0/1 45 0 45 0
HWI-ST183_0204:4:42:12402:136933#0/2 45 0 45 0
HWI-ST183_0204:4:27:2549:163979#0/1 45 0 45 0
HWI-ST183_0204:4:27:2549:163979#0/2 45 0 45 0
HWI-ST183_0204:4:63:14182:24333#0/1 45 0 45 0
HWI-ST183_0204:4:63:14182:24333#0/2 45 0 45 0
HWI-ST183_0204:4:21:7097:145992#0/1 45 0 45 0
HWI-ST183_0204:4:21:7097:145992#0/2 43 0 43 2
HWI-ST183_0204:4:63:5839:181680#0/1 33 0 33 12
HWI-ST183_0204:4:63:5839:181680#0/2 42 0 42 3
HWI-ST183_0204:4:41:6359:154413#0/1 45 0 45 0
HWI-ST183_0204:4:41:6359:154413#0/2 45 0 45 0
HWI-ST183_0204:4:48:16668:125442#0/1 45 0 45 0
HWI-ST183_0204:4:48:16668:125442#0/2 0 0 0 0
HWI-ST183_0204:4:41:19924:30793#0/1 45 0 45 0
HWI-ST183_0204:4:41:19924:30793#0/2 45 0 45 0
HWI-ST183_0204:4:43:20162:176939#0/1 45 0 45 0
HWI-ST183_0204:4:43:20162:176939#0/2 45 0 45 0
HWI-ST183_0204:4:3:15415:4359#0/1 45 0 45 0
HWI-ST183_0204:4:3:15415:4359#0/2 45 0 45 0
HWI-ST183_0204:4:42:8618:183809#0/1 45 0 45 0
HWI-ST183_0204:4:42:8618:183809#0/2 45 0 45 0
HWI-ST183_0204:4:45:15350:41343#0/1 45 0 45 0
HWI-ST183_0204:4:45:15350:41343#0/2 45 0 45 0
HWI-ST183_0204:4:46:16986:142235#0/1 45 0 45 0
HWI-ST183_0204:4:46:16986:142235#0/2 45 0 45 0
HWI-ST183_0204:4:66:7411:153538#0/1 45 0 45 0
HWI-ST183_0204:4:66:7411:153538#0/2 38 0 38 7
HWI-ST183_0204:4:23:4770:52362#0/1 45 0 45 0
HWI-ST183_0204:4:23:4770:52362#0/2 45 0 45 0
HWI-ST183_0204:4:23:15746:144934#0/1 45 0 45 0
HWI-ST183_0204:4:23:15746:144934#0/2 45 0 45 0
HWI-ST183_0204:4:23:14618:156411#0/1 45 0 45 0
HWI-ST183_0204:4:23:14618:156411#0/2 45 0 45 0
HWI-ST183_0204:4:4:16759:158354#0/1 45 0 45 0
HWI-ST183_0204:4:4:16759:158354#0/2 45 0 45 0
HWI-ST183_0204:4:22:16027:163812#0/1 45 0 45 0
HWI-ST183_0204:4:22:16027:163812#0/2 44 0 44 1
HWI-ST183_0204:4:48:14054:126229#0/1 45 0 45 0
HWI-ST183_0204:4:48:14054:126229#0/2 0 0 0 0
HWI-ST183_0204:4:8:8166:96503#0/1 45 0 45 0
HWI-ST183_0204:4:8:8166:96503#0/2 45 0 45 0
HWI-ST183_0204:4:43:2917:153032#0/1 45 0 45 0
HWI-ST183_0204:4:43:2917:153032#0/2 38 0 38 7
HWI-ST183_0204:4:48:3259:74622#0/1 32 0 32 13
HWI-ST183_0204:4:48:3259:74622#0/2 0 0 0 0
HWI-ST183_0204:4:63:18211:182024#0/1 45 0 45 0
HWI-ST183_0204:4:63:18211:182024#0/2 45 0 45 0
HWI-ST183_0204:4:2:11652:116782#0/1 45 0 45 0
HWI-ST183_0204:4:2:11652:116782#0/2 45 0 45 0
HWI-ST183_0204:4:6:8768:57063#0/1 45 0 45 0
HWI-ST183_0204:4:6:8768:57063#0/2 45 0 45 0
HWI-ST183_0204:4:43:16563:72606#0/1 45 0 45 0
HWI-ST183_0204:4:43:16563:72606#0/2 0 0 0 0
HWI-ST183_0204:4:43:4066:4271#0/1 45 0 45 0
HWI-ST183_0204:4:43:4066:4271#0/2 39 0 39 6
HWI-ST183_0204:4:48:9776:100209#0/1 45 0 45 0
HWI-ST183_0204:4:48:9776:100209#0/2 0 0 0 0
HWI-ST183_0204:4:2:7658:169220#0/1 45 0 45 0
HWI-ST183_0204:4:2:7658:169220#0/2 45 0 45 0
HWI-ST183_0204:4:61:3510:104488#0/1 45 0 45 0
HWI-ST183_0204:4:61:3510:104488#0/2 45 0 45 0
HWI-ST183_0204:4:63:1484:98848#0/1 27 0 27 18
HWI-ST183_0204:4:63:1484:98848#0/2 45 0 45 0
HWI-ST183_0204:4:22:20445:117512#0/1 44 0 44 1
HWI-ST183_0204:4:22:20445:117512#0/2 45 0 45 0
