HWI-ST183_0204:4:67:14794:168846#0/1 45 0 45 0
HWI-ST183_0204:4:67:14794:168846#0/2 45 0 45 0
HWI-ST183_0204:4:23:11178:167467#0/1 45 0 45 0
HWI-ST183_0204:4:23:11178:167467#0/2 45 0 45 0
HWI-ST183_0204:4:6:8009:26700#0/1 36 0 36 9
HWI-ST183_0204:4:6:8009:26700#0/2 40 0 40 5
HWI-ST183_0204:4:68:3793:23633#0/1 45 0 45 0
HWI-ST183_0204:4:68:3793:23633#0/2 0 0 0 0
HWI-ST183_0204:4:65:2245:161092#0/1 45 0 45 0
HWI-ST183_0204:4:65:2245:161092#0/2 45 0 45 0
HWI-ST183_0204:4:8:13994:120642#0/1 45 0 45 0
HWI-ST183_0204:4:8:13994:120642#0/2 32 0 32 13
HWI-ST183_0204:4:6:18225:134471#0/1 45 0 45 0
HWI-ST183_0204:4:6:18225:134471#0/2 0 0 0 0
HWI-ST183_0204:4:2:6983:157722#0/1 45 0 45 0
HWI-ST183_0204:4:2:6983:157722#0/2 45 0 45 0
HWI-ST183_0204:4:66:1949:186882#0/1 45 0 45 0
HWI-ST183_0204:4:66:1949:186882#0/2 45 0 45 0
HWI-ST183_0204:4:68:12773:34644#0/1 45 0 45 0
HWI-ST183_0204:4:68:12773:34644#0/2 37 0 37 8
HWI-ST183_0204:4:25:12465:200207#0/1 45 0 45 0
HWI-ST183_0204:4:25:12465:200207#0/2 45 0 45 0
HWI-ST183_0204:4:25:21083:147089#0/1 45 0 45 0
HWI-ST183_0204:4:25:21083:147089#0/2 45 0 45 0
HWI-ST183_0204:4:42:9834:67251#0/1 45 0 45 0
HWI-ST183_0204:4:42:9834:67251#0/2 45 0 45 0
HWI-ST183_0204:4:41:7031:127306#0/1 45 0 45 0
HWI-ST183_0204:4:41:7031:127306#0/2 45 0 45 0
HWI-ST183_0204:4:45:12340:130743#0/1 45 0 45 0
HWI-ST183_0204:4:45:12340:130743#0/2 0 0 0 0
HWI-ST183_0204:4:68:1873:82894#0/1 45 0 45 0
HWI-ST183_0204:4:68:1873:82894#0/2 45 0 45 0
HWI-ST183_0204:4:46:14175:166845#0/1 45 0 45 0
HWI-ST183_0204:4:46:14175:166845#0/2 45 0 45 0
HWI-ST183_0204:4:66:17506:64188#0/1 45 0 45 0
HWI-ST183_0204:4:66:17506:64188#0/2 45 0 45 0
HWI-ST183_0204:4:44:15877:180698#0/1 45 0 45 0
HWI-ST183_0204:4:44:15877:180698#0/2 45 0 45 0
HWI-ST183_0204:4:5:2489:179059#0/1 0 0 0 0
HWI-ST183_0204:4:5:2489:179059#0/2 0 0 0 0
HWI-ST183_0204:4:2:13457:147882#0/1 45 0 45 0
HWI-ST183_0204:4:2:13457:147882#0/2 45 0 45 0
HWI-ST183_0204:4:23:14936:77625#0/1 45 0 45 0
HWI-ST183_0204:4:23:14936:77625#0/2 45 0 45 0
HWI-ST183_0204:4:41:20152:52094#0/1 45 0 45 0
HWI-ST183_0204:4:41:20152:52094#0/2 21 0 21 24
HWI-ST183_0204:4:24:14396:33425#0/1 45 0 45 0
HWI-ST183_0204:4:24:14396:33425#0/2 0 0 0 0
HWI-ST183_0204:4:21:1093:74791#0/1 43 0 43 2
HWI-ST183_0204:4:21:1093:74791#0/2 24 0 24 21
HWI-ST183_0204:4:2:5099:58763#0/1 45 0 45 0
HWI-ST183_0204:4:2:5099:58763#0/2 45 0 45 0
HWI-ST183_0204:4:62:9145:177973#0/1 45 0 45 0
HWI-ST183_0204:4:62:9145:177973#0/2 45 0 45 0
HWI-ST183_0204:4:68:10106:93389#0/1 45 0 45 0
HWI-ST183_0204:4:68:10106:93389#0/2 45 0 45 0
HWI-ST183_0204:4:21:1481:35610#0/1 38 0 38 7
HWI-ST183_0204:4:21:1481:35610#0/2 39 0 39 6
HWI-ST183_0204:4:24:20201:182851#0/1 45 0 45 0
HWI-ST183_0204:4:24:20201:182851#0/2 45 0 45 0
HWI-ST183_0204:4:27:14132:171809#0/1 39 0 39 6
HWI-ST183_0204:4:27:14132:171809#0/2 45 0 45 0
HWI-ST183_0204:4:45:9815:113252#0/1 45 0 45 0
HWI-ST183_0204:4:45:9815:113252#0/2 34 0 34 11
HWI-ST183_0204:4:48:17175:181058#0/1 0 0 0 0
HWI-ST183_0204:4:48:17175:181058#0/2 0 0 0 0
HWI-ST183_0204:4:1:18550:120531#0/1 45 0 45 0
HWI-ST183_0204:4:1:18550:120531#0/2 45 0 45 0
HWI-ST183_0204:4:68:2851:116106#0/1 45 0 45 0
HWI-ST183_0204:4:68:2851:116106#0/2 38 0 38 7
HWI-ST183_0204:4:46:8322:85559#0/1 45 0 45 0
HWI-ST183_0204:4:46:8322:85559#0/2 45 0 45 0
HWI-ST183_0204:4:27:10134:160673#0/1 45 0 45 0
HWI-ST183_0204:4:27:10134:160673#0/2 45 0 45 0
HWI-ST183_0204:4:61:6999:192725#0/1 45 0 45 0
HWI-ST183_0204:4:61:6999:192725#0/2 44 0 44 1
HWI-ST183_0204:4:65:6046:28529#0/1 45 0 45 0
HWI-ST183_0204:4:65:6046:28529#0/2 45 0 45 0
HWI-ST183_0204:4:46:16358:167514#0/1 0 0 0 0
HWI-ST183_0204:4:46:16358:167514#0/2 45 0 45 0
HWI-ST183_0204:4:8:13673:16051#0/1 45 0 45 0
HWI-ST183_0204:4:8:13673:16051#0/2 45 0 45 0
HWI-ST183_0204:4:24:15743:181761#0/1 45 0 45 0
HWI-ST183_0204:4:24:15743:181761#0/2 45 0 45 0
HWI-ST183_0204:4:24:11222:29099#0/1 24 0 24 21
HWI-ST183_0204:4:24:11222:29099#0/2 24 0 24 21
HWI-ST183_0204:4:24:14717:113809#0/1 45 0 45 0
HWI-ST183_0204:4:24:14717:113809#0/2 27 0 27 18
HWI-ST183_0204:4:2:16818:71926#0/1 45 0 45 0
HWI-ST183_0204:4:2:16818:71926#0/2 33 0 33 12
HWI-ST183_0204:4:8:2912:69579#0/1 33 0 33 12
HWI-ST183_0204:4:8:2912:69579#0/2 22 0 22 23
HWI-ST183_0204:4:5:17699:117286#0/1 45 0 45 0
HWI-ST183_0204:4:5:17699:117286#0/2 45 0 45 0
HWI-ST183_0204:4:6:6555:37090#0/1 45 0 45 0
HWI-ST183_0204:4:6:6555:37090#0/2 45 0 45 0
HWI-ST183_0204:4:21:16791:43639#0/1 45 0 45 0
HWI-ST183_0204:4:21:16791:43639#0/2 45 0 45 0
HWI-ST183_0204:4:47:8368:9489#0/1 45 0 45 0
HWI-ST183_0204:4:47:8368:9489#0/2 0 0 0 0
HWI-ST183_0204:4:26:19202:137821#0/1 45 0 45 0
HWI-ST183_0204:4:26:19202:137821#0/2 45 0 45 0
HWI-ST183_0204:4:4:7065:149961#0/1 45 0 45 0
HWI-ST183_0204:4:4:7065:149961#0/2 45 0 45 0
HWI-ST183_0204:4:44:6949:31899#0/1 0 0 0 0
HWI-ST183_0204:4:44:6949:31899#0/2 0 0 0 0
HWI-ST183_0204:4:24:15511:181446#0/1 45 0 45 0
HWI-ST183_0204:4:24:15511:181446#0/2 45 0 45 0
HWI-ST183_0204:4:27:10471:193962#0/1 45 0 45 0
HWI-ST183_0204:4:27:10471:193962#0/2 45 0 45 0
HWI-ST183_0204:4:24:14509:46110#0/1 45 0 45 0
HWI-ST183_0204:4:24:14509:46110#0/2 33 0 33 12
HWI-ST183_0204:4:25:7477:116083#0/1 45 0 45 0
HWI-ST183_0204:4:25:7477:116083#0/2 45 0 45 0
HWI-ST183_0204:4:2:8883:131416#0/1 45 0 45 0
HWI-ST183_0204:4:2:8883:131416#0/2 45 0 45 0
HWI-ST183_0204:4:42:18063:51912#0/1 45 0 45 0
HWI-ST183_0204:4:42:18063:51912#0/2 45 0 45 0
HWI-ST183_0204:4:42:18394:73490#0/1 45 0 45 0
HWI-ST183_0204:4:42:18394:73490#0/2 45 0 45 0
HWI-ST183_0204:4:21:16949:33009#0/1 45 0 45 0
HWI-ST183_0204:4:21:16949:33009#0/2 45 0 45 0
HWI-ST183_0204:4:68:11898:15057#0/1 45 0 45 0
HWI-ST183_0204:4:68:11898:15057#0/2 20 0 20 25
HWI-ST183_0204:4:24:19338:43216#0/1 45 0 45 0
HWI-ST183_0204:4:24:19338:43216#0/2 45 0 45 0
HWI-ST183_0204:4:3:19479:166955#0/1 45 0 45 0
HWI-ST183_0204:4:3:19479:166955#0/2 45 0 45 0
HWI-ST183_0204:4:21:20800:187993#0/1 45 0 45 0
HWI-ST183_0204:4:21:20800:187993#0/2 0 0 0 0
HWI-ST183_0204:4:65:4061:131149#0/1 45 0 45 0
HWI-ST183_0204:4:65:4061:131149#0/2 34 0 34 11
HWI-ST183_0204:4:41:1880:36419#0/1 34 0 34 11
HWI-ST183_0204:4:41:1880:36419#0/2 0 0 0 0
HWI-ST183_0204:4:62:9114:151065#0/1 45 0 45 0
HWI-ST183_0204:4:62:9114:151065#0/2 44 0 44 1
HWI-ST183_0204:4:47:12214:185950#0/1 38 0 38 7
HWI-ST183_0204:4:47:12214:185950#0/2 45 0 45 0
HWI-ST183_0204:4:25:15878:7681#0/1 45 0 45 0
HWI-ST183_0204:4:25:15878:7681#0/2 45 0 45 0
HWI-ST183_0204:4:46:5412:68277#0/1 34 0 34 11
HWI-ST183_0204:4:46:5412:68277#0/2 0 0 0 0
HWI-ST183_0204:4:4:21070:48877#0/1 45 0 45 0
HWI-ST183_0204:4:4:21070:48877#0/2 45 0 45 0
HWI-ST183_0204:4:23:4529:196712#0/1 45 0 45 0
HWI-ST183_0204:4:23:4529:196712#0/2 45 0 45 0
HWI-ST183_0204:4:44:12996:77622#0/1 28 0 28 17
HWI-ST183_0204:4:44:12996:77622#0/2 0 0 0 0
HWI-ST183_0204:4:46:8397:174584#0/1 45 0 45 0
HWI-ST183_0204:4:46:8397:174584#0/2 45 0 45 0
HWI-ST183_0204:4:26:5295:108622#0/1 45 0 45 0
HWI-ST183_0204:4:26:5295:108622#0/2 45 0 45 0
HWI-ST183_0204:4:2:16396:159120#0/1 45 0 45 0
HWI-ST183_0204:4:2:16396:159120#0/2 45 0 45 0
HWI-ST183_0204:4:63:2638:84082#0/1 45 0 45 0
HWI-ST183_0204:4:63:2638:84082#0/2 45 0 45 0
HWI-ST183_0204:4:48:16636:102117#0/1 44 0 44 1
HWI-ST183_0204:4:48:16636:102117#0/2 0 0 0 0
HWI-ST183_0204:4:65:15460:196926#0/1 45 0 45 0
HWI-ST183_0204:4:65:15460:196926#0/2 45 0 45 0
HWI-ST183_0204:4:63:4825:155877#0/1 45 0 45 0
HWI-ST183_0204:4:63:4825:155877#0/2 45 0 45 0
HWI-ST183_0204:4:68:12949:24569#0/1 45 0 45 0
HWI-ST183_0204:4:68:12949:24569#0/2 38 0 38 7
HWI-ST183_0204:4:45:1479:58600#0/1 26 0 26 19
HWI-ST183_0204:4:45:1479:58600#0/2 0 0 0 0
HWI-ST183_0204:4:22:19218:99360#0/1 45 0 45 0
HWI-ST183_0204:4:22:19218:99360#0/2 45 0 45 0
HWI-ST183_0204:4:2:8062:16278#0/1 45 0 45 0
HWI-ST183_0204:4:2:8062:16278#0/2 29 0 29 16
HWI-ST183_0204:4:41:4433:131570#0/1 45 0 45 0
HWI-ST183_0204:4:41:4433:131570#0/2 32 0 32 13
HWI-ST183_0204:4:4:14624:83573#0/1 45 0 45 0
HWI-ST183_0204:4:4:14624:83573#0/2 45 0 45 0
HWI-ST183_0204:4:68:6365:36511#0/1 45 0 45 0
HWI-ST183_0204:4:68:6365:36511#0/2 45 0 45 0
HWI-ST183_0204:4:2:13030:24227#0/1 45 0 45 0
HWI-ST183_0204:4:2:13030:24227#0/2 45 0 45 0
HWI-ST183_0204:4:63:17254:25945#0/1 0 0 0 0
HWI-ST183_0204:4:63:17254:25945#0/2 0 0 0 0
HWI-ST183_0204:4:2:8323:67376#0/1 45 0 45 0
HWI-ST183_0204:4:2:8323:67376#0/2 40 0 40 5
HWI-ST183_0204:4:25:5821:36574#0/1 45 0 45 0
HWI-ST183_0204:4:25:5821:36574#0/2 45 0 45 0
HWI-ST183_0204:4:45:4386:22715#0/1 45 0 45 0
HWI-ST183_0204:4:45:4386:22715#0/2 45 0 45 0
HWI-ST183_0204:4:42:15564:127635#0/1 45 0 45 0
HWI-ST183_0204:4:42:15564:127635#0/2 45 0 45 0
HWI-ST183_0204:4:65:7245:39883#0/1 45 0 45 0
HWI-ST183_0204:4:65:7245:39883#0/2 45 0 45 0
HWI-ST183_0204:4:23:16160:184680#0/1 45 0 45 0
HWI-ST183_0204:4:23:16160:184680#0/2 45 0 45 0
HWI-ST183_0204:4:45:18136:108877#0/1 45 0 45 0
HWI-ST183_0204:4:45:18136:108877#0/2 45 0 45 0
HWI-ST183_0204:4:42:6273:115660#0/1 45 0 45 0
HWI-ST183_0204:4:42:6273:115660#0/2 39 0 39 6
HWI-ST183_0204:4:2:3464:168850#0/1 45 0 45 0
HWI-ST183_0204:4:2:3464:168850#0/2 38 0 38 7
HWI-ST183_0204:4:2:16612:40333#0/1 45 0 45 0
HWI-ST183_0204:4:2:16612:40333#0/2 45 0 45 0
HWI-ST183_0204:4:4:18434:107652#0/1 45 0 45 0
HWI-ST183_0204:4:4:18434:107652#0/2 45 0 45 0
HWI-ST183_0204:4:63:20672:174849#0/1 0 0 0 0
HWI-ST183_0204:4:63:20672:174849#0/2 0 0 0 0
HWI-ST183_0204:4:1:14524:92839#0/1 29 0 29 16
HWI-ST183_0204:4:1:14524:92839#0/2 45 0 45 0
HWI-ST183_0204:4:22:19213:183749#0/1 45 0 45 0
HWI-ST183_0204:4:22:19213:183749#0/2 45 0 45 0
HWI-ST183_0204:4:67:9930:110393#0/1 33 0 33 12
HWI-ST183_0204:4:67:9930:110393#0/2 0 0 0 0
HWI-ST183_0204:4:48:17915:83767#0/1 45 0 45 0
HWI-ST183_0204:4:48:17915:83767#0/2 0 0 0 0
HWI-ST183_0204:4:45:4835:48773#0/1 45 0 45 0
HWI-ST183_0204:4:45:4835:48773#0/2 45 0 45 0
HWI-ST183_0204:4:48:7148:127523#0/1 45 0 45 0
HWI-ST183_0204:4:48:7148:127523#0/2 0 0 0 0
HWI-ST183_0204:4:5:7313:13621#0/1 38 0 38 7
HWI-ST183_0204:4:5:7313:13621#0/2 45 0 45 0
HWI-ST183_0204:4:61:19523:72985#0/1 45 0 45 0
HWI-ST183_0204:4:61:19523:72985#0/2 24 0 24 21
HWI-ST183_0204:4:47:15647:183469#0/1 45 0 45 0
HWI-ST183_0204:4:47:15647:183469#0/2 45 0 45 0
HWI-ST183_0204:4:23:4240:188008#0/1 45 0 45 0
HWI-ST183_0204:4:23:4240:188008#0/2 45 0 45 0
HWI-ST183_0204:4:62:15111:186636#0/1 45 0 45 0
HWI-ST183_0204:4:62:15111:186636#0/2 45 0 45 0
HWI-ST183_0204:4:8:6326:158082#0/1 45 0 45 0
HWI-ST183_0204:4:8:6326:158082#0/2 45 0 45 0
HWI-ST183_0204:4:42:7069:141261#0/1 43 0 43 2
HWI-ST183_0204:4:42:7069:141261#0/2 45 0 45 0
HWI-ST183_0204:4:2:9613:173985#0/1 45 0 45 0
HWI-ST183_0204:4:2:9613:173985#0/2 45 0 45 0
HWI-ST183_0204:4:67:14261:37984#0/1 39 0 39 6
HWI-ST183_0204:4:67:14261:37984#0/2 45 0 45 0
HWI-ST183_0204:4:25:20404:195648#0/1 45 0 45 0
HWI-ST183_0204:4:25:20404:195648#0/2 45 0 45 0
HWI-ST183_0204:4:6:1582:168389#0/1 44 0 44 1
HWI-ST183_0204:4:6:1582:168389#0/2 34 0 34 11
HWI-ST183_0204:4:43:19661:94501#0/1 45 0 45 0
HWI-ST183_0204:4:43:19661:94501#0/2 45 0 45 0
HWI-ST183_0204:4:43:7894:19315#0/1 45 0 45 0
HWI-ST183_0204:4:43:7894:19315#0/2 45 0 45 0
HWI-ST183_0204:4:68:16148:191774#0/1 31 0 31 14
HWI-ST183_0204:4:68:16148:191774#0/2 0 0 0 0
HWI-ST183_0204:4:27:11869:181687#0/1 45 0 45 0
HWI-ST183_0204:4:27:11869:181687#0/2 25 0 25 20
HWI-ST183_0204:4:66:19936:78736#0/1 25 0 25 20
HWI-ST183_0204:4:66:19936:78736#0/2 0 0 0 0
HWI-ST183_0204:4:8:19967:127262#0/1 45 0 45 0
HWI-ST183_0204:4:8:19967:127262#0/2 45 0 45 0
HWI-ST183_0204:4:8:19511:83718#0/1 38 0 38 7
HWI-ST183_0204:4:8:19511:83718#0/2 45 0 45 0
HWI-ST183_0204:4:67:19967:60644#0/1 45 0 45 0
HWI-ST183_0204:4:67:19967:60644#0/2 45 0 45 0
HWI-ST183_0204:4:3:16797:15986#0/1 45 0 45 0
HWI-ST183_0204:4:3:16797:15986#0/2 45 0 45 0
HWI-ST183_0204:4:44:12027:129134#0/1 45 0 45 0
HWI-ST183_0204:4:44:12027:129134#0/2 45 0 45 0
HWI-ST183_0204:4:3:15423:7743#0/1 45 0 45 0
HWI-ST183_0204:4:3:15423:7743#0/2 45 0 45 0
HWI-ST183_0204:4:46:15172:169576#0/1 45 0 45 0
HWI-ST183_0204:4:46:15172:169576#0/2 45 0 45 0
HWI-ST183_0204:4:42:2041:55933#0/1 0 0 0 0
HWI-ST183_0204:4:42:2041:55933#0/2 28 0 28 17
HWI-ST183_0204:4:43:16941:147993#0/1 45 0 45 0
HWI-ST183_0204:4:43:16941:147993#0/2 45 0 45 0
HWI-ST183_0204:4:23:7768:82358#0/1 45 0 45 0
HWI-ST183_0204:4:23:7768:82358#0/2 23 0 23 22
HWI-ST183_0204:4:2:12272:75513#0/1 45 0 45 0
HWI-ST183_0204:4:2:12272:75513#0/2 45 0 45 0
HWI-ST183_0204:4:65:14731:11105#0/1 45 0 45 0
HWI-ST183_0204:4:65:14731:11105#0/2 45 0 45 0
HWI-ST183_0204:4:68:19792:183095#0/1 45 0 45 0
HWI-ST183_0204:4:68:19792:183095#0/2 23 0 23 22
HWI-ST183_0204:4:43:4331:19286#0/1 45 0 45 0
HWI-ST183_0204:4:43:4331:19286#0/2 45 0 45 0
HWI-ST183_0204:4:64:9639:168983#0/1 45 0 45 0
HWI-ST183_0204:4:64:9639:168983#0/2 29 0 29 16
HWI-ST183_0204:4:2:14154:142188#0/1 45 0 45 0
HWI-ST183_0204:4:2:14154:142188#0/2 45 0 45 0
HWI-ST183_0204:4:5:2549:179162#0/1 45 0 45 0
HWI-ST183_0204:4:5:2549:179162#0/2 45 0 45 0
HWI-ST183_0204:4:45:9258:31233#0/1 45 0 45 0
HWI-ST183_0204:4:45:9258:31233#0/2 45 0 45 0
HWI-ST183_0204:4:47:10507:10155#0/1 45 0 45 0
HWI-ST183_0204:4:47:10507:10155#0/2 45 0 45 0
HWI-ST183_0204:4:3:10723:123559#0/1 0 0 0 0
HWI-ST183_0204:4:3:10723:123559#0/2 21 0 21 24
HWI-ST183_0204:4:41:11345:85857#0/1 45 0 45 0
HWI-ST183_0204:4:41:11345:85857#0/2 45 0 45 0
HWI-ST183_0204:4:43:19072:159639#0/1 45 0 45 0
HWI-ST183_0204:4:43:19072:159639#0/2 45 0 45 0
HWI-ST183_0204:4:65:7114:123567#0/1 45 0 45 0
HWI-ST183_0204:4:65:7114:123567#0/2 45 0 45 0
HWI-ST183_0204:4:27:15949:140651#0/1 45 0 45 0
HWI-ST183_0204:4:27:15949:140651#0/2 0 0 0 0
HWI-ST183_0204:4:63:16502:178598#0/1 45 0 45 0
HWI-ST183_0204:4:63:16502:178598#0/2 45 0 45 0
HWI-ST183_0204:4:67:18461:47218#0/1 45 0 45 0
HWI-ST183_0204:4:67:18461:47218#0/2 38 0 38 7
HWI-ST183_0204:4:4:10581:103369#0/1 45 0 45 0
HWI-ST183_0204:4:4:10581:103369#0/2 45 0 45 0
HWI-ST183_0204:4:44:6524:114323#0/1 0 0 0 0
HWI-ST183_0204:4:44:6524:114323#0/2 0 0 0 0
HWI-ST183_0204:4:6:3456:82386#0/1 45 0 45 0
HWI-ST183_0204:4:6:3456:82386#0/2 37 0 37 8
HWI-ST183_0204:4:21:3461:172642#0/1 45 0 45 0
HWI-ST183_0204:4:21:3461:172642#0/2 0 0 0 0
HWI-ST183_0204:4:48:3492:76506#0/1 34 0 34 11
HWI-ST183_0204:4:48:3492:76506#0/2 0 0 0 0
HWI-ST183_0204:4:8:17009:110920#0/1 45 0 45 0
HWI-ST183_0204:4:8:17009:110920#0/2 45 0 45 0
HWI-ST183_0204:4:41:18237:115142#0/1 45 0 45 0
HWI-ST183_0204:4:41:18237:115142#0/2 45 0 45 0
HWI-ST183_0204:4:61:19177:30176#0/1 45 0 45 0
HWI-ST183_0204:4:61:19177:30176#0/2 28 0 28 17
HWI-ST183_0204:4:25:20308:64469#0/1 35 0 35 10
HWI-ST183_0204:4:25:20308:64469#0/2 0 0 0 0
HWI-ST183_0204:4:67:1205:55441#0/1 45 0 45 0
HWI-ST183_0204:4:67:1205:55441#0/2 34 0 34 11
HWI-ST183_0204:4:1:17994:29060#0/1 45 0 45 0
HWI-ST183_0204:4:1:17994:29060#0/2 45 0 45 0
HWI-ST183_0204:4:3:20084:102224#0/1 36 0 36 9
HWI-ST183_0204:4:3:20084:102224#0/2 0 0 0 0
HWI-ST183_0204:4:22:17115:87677#0/1 45 0 45 0
HWI-ST183_0204:4:22:17115:87677#0/2 45 0 45 0
HWI-ST183_0204:4:1:2569:61351#0/1 24 0 24 21
HWI-ST183_0204:4:1:2569:61351#0/2 0 0 0 0
HWI-ST183_0204:4:3:13321:78194#0/1 45 0 45 0
HWI-ST183_0204:4:3:13321:78194#0/2 23 0 23 22
HWI-ST183_0204:4:47:7942:64638#0/1 45 0 45 0
HWI-ST183_0204:4:47:7942:64638#0/2 45 0 45 0
HWI-ST183_0204:4:46:14578:124024#0/1 45 0 45 0
HWI-ST183_0204:4:46:14578:124024#0/2 45 0 45 0
HWI-ST183_0204:4:61:5811:145644#0/1 45 0 45 0
HWI-ST183_0204:4:61:5811:145644#0/2 43 0 43 2
HWI-ST183_0204:4:27:3571:49460#0/1 45 0 45 0
HWI-ST183_0204:4:27:3571:49460#0/2 45 0 45 0
HWI-ST183_0204:4:68:14319:33210#0/1 0 0 0 0
HWI-ST183_0204:4:68:14319:33210#0/2 0 0 0 0
HWI-ST183_0204:4:61:14176:98386#0/1 45 0 45 0
HWI-ST183_0204:4:61:14176:98386#0/2 45 0 45 0
HWI-ST183_0204:4:62:16872:120057#0/1 45 0 45 0
HWI-ST183_0204:4:62:16872:120057#0/2 45 0 45 0
HWI-ST183_0204:4:22:6249:188571#0/1 45 0 45 0
HWI-ST183_0204:4:22:6249:188571#0/2 0 0 0 0
HWI-ST183_0204:4:64:5979:175511#0/1 45 0 45 0
HWI-ST183_0204:4:64:5979:175511#0/2 45 0 45 0
HWI-ST183_0204:4:22:15469:42675#0/1 45 0 45 0
HWI-ST183_0204:4:22:15469:42675#0/2 45 0 45 0
HWI-ST183_0204:4:66:5341:156553#0/1 45 0 45 0
HWI-ST183_0204:4:66:5341:156553#0/2 45 0 45 0
HWI-ST183_0204:4:41:8214:97296#0/1 29 0 29 16
HWI-ST183_0204:4:41:8214:97296#0/2 34 0 34 11
HWI-ST183_0204:4:2:3870:30498#0/1 21 0 21 24
HWI-ST183_0204:4:2:3870:30498#0/2 39 0 39 6
HWI-ST183_0204:4:46:7103:55693#0/1 45 0 45 0
HWI-ST183_0204:4:46:7103:55693#0/2 45 0 45 0
HWI-ST183_0204:4:64:3294:83410#0/1 45 0 45 0
HWI-ST183_0204:4:64:3294:83410#0/2 45 0 45 0
HWI-ST183_0204:4:68:19226:118037#0/1 30 0 30 15
HWI-ST183_0204:4:68:19226:118037#0/2 0 0 0 0
HWI-ST183_0204:4:45:17128:89712#0/1 45 0 45 0
HWI-ST183_0204:4:45:17128:89712#0/2 45 0 45 0
HWI-ST183_0204:4:6:17356:152114#0/1 45 0 45 0
HWI-ST183_0204:4:6:17356:152114#0/2 45 0 45 0
HWI-ST183_0204:4:21:15252:126287#0/1 45 0 45 0
HWI-ST183_0204:4:21:15252:126287#0/2 41 0 41 4
HWI-ST183_0204:4:3:6922:133143#0/1 45 0 45 0
HWI-ST183_0204:4:3:6922:133143#0/2 45 0 45 0
HWI-ST183_0204:4:63:6269:83577#0/1 45 0 45 0
HWI-ST183_0204:4:63:6269:83577#0/2 45 0 45 0
HWI-ST183_0204:4:3:15976:21502#0/1 45 0 45 0
HWI-ST183_0204:4:3:15976:21502#0/2 38 0 38 7
HWI-ST183_0204:4:67:14419:20516#0/1 45 0 45 0
HWI-ST183_0204:4:67:14419:20516#0/2 45 0 45 0
HWI-ST183_0204:4:23:4954:79861#0/1 45 0 45 0
HWI-ST183_0204:4:23:4954:79861#0/2 35 0 35 10
HWI-ST183_0204:4:3:5124:7252#0/1 34 0 34 11
HWI-ST183_0204:4:3:5124:7252#0/2 20 0 20 25
HWI-ST183_0204:4:2:13893:65673#0/1 45 0 45 0
HWI-ST183_0204:4:2:13893:65673#0/2 45 0 45 0
HWI-ST183_0204:4:43:20006:168532#0/1 45 0 45 0
HWI-ST183_0204:4:43:20006:168532#0/2 45 0 45 0
HWI-ST183_0204:4:5:14987:148122#0/1 45 0 45 0
HWI-ST183_0204:4:5:14987:148122#0/2 45 0 45 0
HWI-ST183_0204:4:46:15500:60469#0/1 45 0 45 0
HWI-ST183_0204:4:46:15500:60469#0/2 45 0 45 0
HWI-ST183_0204:4:47:9142:27378#0/1 34 0 34 11
HWI-ST183_0204:4:47:9142:27378#0/2 0 0 0 0
HWI-ST183_0204:4:41:4590:106409#0/1 26 0 26 19
HWI-ST183_0204:4:41:4590:106409#0/2 45 0 45 0
HWI-ST183_0204:4:5:14433:30276#0/1 45 0 45 0
HWI-ST183_0204:4:5:14433:30276#0/2 45 0 45 0
HWI-ST183_0204:4:24:8425:181549#0/1 45 0 45 0
HWI-ST183_0204:4:24:8425:181549#0/2 45 0 45 0
HWI-ST183_0204:4:61:18430:35941#0/1 45 0 45 0
HWI-ST183_0204:4:61:18430:35941#0/2 33 0 33 12
HWI-ST183_0204:4:47:13459:187048#0/1 45 0 45 0
HWI-ST183_0204:4:47:13459:187048#0/2 45 0 45 0
HWI-ST183_0204:4:8:5174:18876#0/1 43 0 43 2
HWI-ST183_0204:4:8:5174:18876#0/2 33 0 33 12
HWI-ST183_0204:4:23:18389:182763#0/1 45 0 45 0
HWI-ST183_0204:4:23:18389:182763#0/2 45 0 45 0
HWI-ST183_0204:4:68:17357:70292#0/1 45 0 45 0
HWI-ST183_0204:4:68:17357:70292#0/2 25 0 25 20
HWI-ST183_0204:4:24:19396:80998#0/1 45 0 45 0
HWI-ST183_0204:4:24:19396:80998#0/2 45 0 45 0
HWI-ST183_0204:4:6:13141:154864#0/1 37 0 37 8
HWI-ST183_0204:4:6:13141:154864#0/2 45 0 45 0
HWI-ST183_0204:4:24:13854:66633#0/1 45 0 45 0
HWI-ST183_0204:4:24:13854:66633#0/2 45 0 45 0
HWI-ST183_0204:4:22:9699:67830#0/1 45 0 45 0
HWI-ST183_0204:4:22:9699:67830#0/2 44 0 44 1
HWI-ST183_0204:4:45:1853:152137#0/1 29 0 29 16
HWI-ST183_0204:4:45:1853:152137#0/2 29 0 29 16
HWI-ST183_0204:4:22:12892:47781#0/1 45 0 45 0
HWI-ST183_0204:4:22:12892:47781#0/2 45 0 45 0
HWI-ST183_0204:4:3:4172:193076#0/1 33 0 33 12
HWI-ST183_0204:4:3:4172:193076#0/2 22 0 22 23
HWI-ST183_0204:4:46:19161:66784#0/1 40 0 40 5
HWI-ST183_0204:4:46:19161:66784#0/2 45 0 45 0
HWI-ST183_0204:4:67:12581:23777#0/1 45 0 45 0
HWI-ST183_0204:4:67:12581:23777#0/2 45 0 45 0
HWI-ST183_0204:4:62:4851:196283#0/1 45 0 45 0
HWI-ST183_0204:4:62:4851:196283#0/2 44 0 44 1
HWI-ST183_0204:4:8:6608:171122#0/1 45 0 45 0
HWI-ST183_0204:4:8:6608:171122#0/2 0 0 0 0
HWI-ST183_0204:4:45:9828:96552#0/1 29 0 29 16
HWI-ST183_0204:4:45:9828:96552#0/2 39 0 39 6
HWI-ST183_0204:4:68:1787:47129#0/1 45 0 45 0
HWI-ST183_0204:4:68:1787:47129#0/2 34 0 34 11
HWI-ST183_0204:4:48:14495:156157#0/1 45 0 45 0
HWI-ST183_0204:4:48:14495:156157#0/2 0 0 0 0
HWI-ST183_0204:4:65:20553:143392#0/1 45 0 45 0
HWI-ST183_0204:4:65:20553:143392#0/2 45 0 45 0
HWI-ST183_0204:4:25:14241:27076#0/1 45 0 45 0
HWI-ST183_0204:4:25:14241:27076#0/2 42 0 42 3
HWI-ST183_0204:4:2:5170:155539#0/1 45 0 45 0
HWI-ST183_0204:4:2:5170:155539#0/2 0 0 0 0
HWI-ST183_0204:4:46:20523:79849#0/1 45 0 45 0
HWI-ST183_0204:4:46:20523:79849#0/2 45 0 45 0
HWI-ST183_0204:4:4:17685:99327#0/1 26 0 26 19
HWI-ST183_0204:4:4:17685:99327#0/2 42 0 42 3
HWI-ST183_0204:4:68:16116:24552#0/1 45 0 45 0
HWI-ST183_0204:4:68:16116:24552#0/2 39 0 39 6
HWI-ST183_0204:4:24:11520:173011#0/1 45 0 45 0
HWI-ST183_0204:4:24:11520:173011#0/2 45 0 45 0
HWI-ST183_0204:4:61:13748:178022#0/1 45 0 45 0
HWI-ST183_0204:4:61:13748:178022#0/2 45 0 45 0
HWI-ST183_0204:4:3:20162:53036#0/1 45 0 45 0
HWI-ST183_0204:4:3:20162:53036#0/2 45 0 45 0
HWI-ST183_0204:4:45:17348:27634#0/1 45 0 45 0
HWI-ST183_0204:4:45:17348:27634#0/2 45 0 45 0
HWI-ST183_0204:4:8:16998:64791#0/1 45 0 45 0
HWI-ST183_0204:4:8:16998:64791#0/2 45 0 45 0
HWI-ST183_0204:4:4:19740:101770#0/1 45 0 45 0
HWI-ST183_0204:4:4:19740:101770#0/2 45 0 45 0
HWI-ST183_0204:4:63:19745:142081#0/1 45 0 45 0
HWI-ST183_0204:4:63:19745:142081#0/2 45 0 45 0
HWI-ST183_0204:4:3:7994:96093#0/1 45 0 45 0
HWI-ST183_0204:4:3:7994:96093#0/2 27 0 27 18
HWI-ST183_0204:4:25:14103:94290#0/1 45 0 45 0
HWI-ST183_0204:4:25:14103:94290#0/2 25 0 25 20
HWI-ST183_0204:4:21:10270:56521#0/1 45 0 45 0
HWI-ST183_0204:4:21:10270:56521#0/2 29 0 29 16
HWI-ST183_0204:4:42:13384:24912#0/1 45 0 45 0
HWI-ST183_0204:4:42:13384:24912#0/2 45 0 45 0
HWI-ST183_0204:4:25:9756:121131#0/1 45 0 45 0
HWI-ST183_0204:4:25:9756:121131#0/2 45 0 45 0
HWI-ST183_0204:4:43:17201:155115#0/1 45 0 45 0
HWI-ST183_0204:4:43:17201:155115#0/2 45 0 45 0
HWI-ST183_0204:4:46:7758:148822#0/1 45 0 45 0
HWI-ST183_0204:4:46:7758:148822#0/2 45 0 45 0
HWI-ST183_0204:4:64:1558:96302#0/1 45 0 45 0
HWI-ST183_0204:4:64:1558:96302#0/2 30 0 30 15
HWI-ST183_0204:4:5:11274:137749#0/1 45 0 45 0
HWI-ST183_0204:4:5:11274:137749#0/2 45 0 45 0
HWI-ST183_0204:4:1:12451:14350#0/1 45 0 45 0
HWI-ST183_0204:4:1:12451:14350#0/2 45 0 45 0
HWI-ST183_0204:4:46:9399:169749#0/1 45 0 45 0
HWI-ST183_0204:4:46:9399:169749#0/2 45 0 45 0
HWI-ST183_0204:4:41:5733:163548#0/1 0 0 0 0
HWI-ST183_0204:4:41:5733:163548#0/2 21 0 21 24
HWI-ST183_0204:4:25:13111:199349#0/1 45 0 45 0
HWI-ST183_0204:4:25:13111:199349#0/2 45 0 45 0
HWI-ST183_0204:4:8:3091:34835#0/1 23 0 23 22
HWI-ST183_0204:4:8:3091:34835#0/2 23 0 23 22
HWI-ST183_0204:4:2:15315:163428#0/1 0 0 0 0
HWI-ST183_0204:4:2:15315:163428#0/2 0 0 0 0
HWI-ST183_0204:4:24:12169:60448#0/1 45 0 45 0
HWI-ST183_0204:4:24:12169:60448#0/2 45 0 45 0
HWI-ST183_0204:4:67:8752:9960#0/1 45 0 45 0
HWI-ST183_0204:4:67:8752:9960#0/2 45 0 45 0
HWI-ST183_0204:4:67:8148:199913#0/1 45 0 45 0
HWI-ST183_0204:4:67:8148:199913#0/2 45 0 45 0
HWI-ST183_0204:4:24:14302:86138#0/1 45 0 45 0
HWI-ST183_0204:4:24:14302:86138#0/2 45 0 45 0
HWI-ST183_0204:4:27:4480:6132#0/1 45 0 45 0
HWI-ST183_0204:4:27:4480:6132#0/2 45 0 45 0
HWI-ST183_0204:4:48:9107:119839#0/1 0 0 0 0
HWI-ST183_0204:4:48:9107:119839#0/2 0 0 0 0
HWI-ST183_0204:4:43:1985:151393#0/1 44 0 44 1
HWI-ST183_0204:4:43:1985:151393#0/2 44 0 44 1
HWI-ST183_0204:4:3:12285:72831#0/1 45 0 45 0
HWI-ST183_0204:4:3:12285:72831#0/2 30 0 30 15
HWI-ST183_0204:4:45:3059:52556#0/1 45 0 45 0
HWI-ST183_0204:4:45:3059:52556#0/2 45 0 45 0
HWI-ST183_0204:4:22:14330:105654#0/1 45 0 45 0
HWI-ST183_0204:4:22:14330:105654#0/2 45 0 45 0
HWI-ST183_0204:4:61:8492:44363#0/1 45 0 45 0
HWI-ST183_0204:4:61:8492:44363#0/2 45 0 45 0
HWI-ST183_0204:4:4:1450:145749#0/1 45 0 45 0
HWI-ST183_0204:4:4:1450:145749#0/2 0 0 0 0
HWI-ST183_0204:4:45:19257:9148#0/1 45 0 45 0
HWI-ST183_0204:4:45:19257:9148#0/2 45 0 45 0
HWI-ST183_0204:4:41:9426:47910#0/1 45 0 45 0
HWI-ST183_0204:4:41:9426:47910#0/2 45 0 45 0
HWI-ST183_0204:4:22:11896:120689#0/1 45 0 45 0
HWI-ST183_0204:4:22:11896:120689#0/2 22 0 22 23
HWI-ST183_0204:4:26:8111:9782#0/1 45 0 45 0
HWI-ST183_0204:4:26:8111:9782#0/2 45 0 45 0
HWI-ST183_0204:4:45:11623:165076#0/1 39 0 39 6
HWI-ST183_0204:4:45:11623:165076#0/2 28 0 28 17
HWI-ST183_0204:4:3:1578:127882#0/1 45 0 45 0
HWI-ST183_0204:4:3:1578:127882#0/2 24 0 24 21
HWI-ST183_0204:4:47:11039:12816#0/1 45 0 45 0
HWI-ST183_0204:4:47:11039:12816#0/2 45 0 45 0
HWI-ST183_0204:4:64:8866:96477#0/1 45 0 45 0
HWI-ST183_0204:4:64:8866:96477#0/2 0 0 0 0
HWI-ST183_0204:4:26:2279:122622#0/1 39 0 39 6
HWI-ST183_0204:4:26:2279:122622#0/2 34 0 34 11
HWI-ST183_0204:4:62:13509:115660#0/1 45 0 45 0
HWI-ST183_0204:4:62:13509:115660#0/2 45 0 45 0
HWI-ST183_0204:4:22:12404:115256#0/1 45 0 45 0
HWI-ST183_0204:4:22:12404:115256#0/2 45 0 45 0
HWI-ST183_0204:4:4:7775:29531#0/1 45 0 45 0
HWI-ST183_0204:4:4:7775:29531#0/2 38 0 38 7
HWI-ST183_0204:4:68:13090:6034#0/1 45 0 45 0
HWI-ST183_0204:4:68:13090:6034#0/2 34 0 34 11
HWI-ST183_0204:4:67:2932:87457#0/1 45 0 45 0
HWI-ST183_0204:4:67:2932:87457#0/2 38 0 38 7
HWI-ST183_0204:4:24:14865:20626#0/1 45 0 45 0
HWI-ST183_0204:4:24:14865:20626#0/2 45 0 45 0
HWI-ST183_0204:4:23:16062:114724#0/1 0 0 0 0
HWI-ST183_0204:4:23:16062:114724#0/2 0 0 0 0
HWI-ST183_0204:4:23:6234:71725#0/1 45 0 45 0
HWI-ST183_0204:4:23:6234:71725#0/2 0 0 0 0
HWI-ST183_0204:4:24:18167:52389#0/1 45 0 45 0
HWI-ST183_0204:4:24:18167:52389#0/2 45 0 45 0
HWI-ST183_0204:4:47:8458:74291#0/1 45 0 45 0
HWI-ST183_0204:4:47:8458:74291#0/2 45 0 45 0
HWI-ST183_0204:4:23:15608:140140#0/1 45 0 45 0
HWI-ST183_0204:4:23:15608:140140#0/2 45 0 45 0
HWI-ST183_0204:4:22:8859:22835#0/1 45 0 45 0
HWI-ST183_0204:4:22:8859:22835#0/2 0 0 0 0
HWI-ST183_0204:4:2:8593:146184#0/1 45 0 45 0
HWI-ST183_0204:4:2:8593:146184#0/2 38 0 38 7
HWI-ST183_0204:4:23:18632:48195#0/1 45 0 45 0
HWI-ST183_0204:4:23:18632:48195#0/2 45 0 45 0
HWI-ST183_0204:4:61:17049:135695#0/1 45 0 45 0
HWI-ST183_0204:4:61:17049:135695#0/2 45 0 45 0
HWI-ST183_0204:4:42:4618:81355#0/1 42 0 42 3
HWI-ST183_0204:4:42:4618:81355#0/2 38 0 38 7
HWI-ST183_0204:4:8:4036:152248#0/1 45 0 45 0
HWI-ST183_0204:4:8:4036:152248#0/2 32 0 32 13
HWI-ST183_0204:4:67:10519:25131#0/1 45 0 45 0
HWI-ST183_0204:4:67:10519:25131#0/2 45 0 45 0
HWI-ST183_0204:4:42:3437:116828#0/1 45 0 45 0
HWI-ST183_0204:4:42:3437:116828#0/2 40 0 40 5
HWI-ST183_0204:4:4:12475:96560#0/1 45 0 45 0
HWI-ST183_0204:4:4:12475:96560#0/2 45 0 45 0
HWI-ST183_0204:4:62:6188:161557#0/1 45 0 45 0
HWI-ST183_0204:4:62:6188:161557#0/2 39 0 39 6
HWI-ST183_0204:4:68:4233:2392#0/1 45 0 45 0
HWI-ST183_0204:4:68:4233:2392#0/2 36 0 36 9
HWI-ST183_0204:4:61:9869:21330#0/1 45 0 45 0
HWI-ST183_0204:4:61:9869:21330#0/2 45 0 45 0
HWI-ST183_0204:4:21:8409:158177#0/1 45 0 45 0
HWI-ST183_0204:4:21:8409:158177#0/2 43 0 43 2
HWI-ST183_0204:4:68:13361:21574#0/1 45 0 45 0
HWI-ST183_0204:4:68:13361:21574#0/2 45 0 45 0
HWI-ST183_0204:4:64:15131:73838#0/1 45 0 45 0
HWI-ST183_0204:4:64:15131:73838#0/2 45 0 45 0
HWI-ST183_0204:4:61:3166:107408#0/1 45 0 45 0
HWI-ST183_0204:4:61:3166:107408#0/2 45 0 45 0
HWI-ST183_0204:4:61:1726:62010#0/1 45 0 45 0
HWI-ST183_0204:4:61:1726:62010#0/2 23 0 23 22
HWI-ST183_0204:4:6:6517:148976#0/1 45 0 45 0
HWI-ST183_0204:4:6:6517:148976#0/2 45 0 45 0
HWI-ST183_0204:4:2:10107:55584#0/1 45 0 45 0
HWI-ST183_0204:4:2:10107:55584#0/2 45 0 45 0
HWI-ST183_0204:4:3:12113:197999#0/1 45 0 45 0
HWI-ST183_0204:4:3:12113:197999#0/2 0 0 0 0
HWI-ST183_0204:4:66:20251:80330#0/1 45 0 45 0
HWI-ST183_0204:4:66:20251:80330#0/2 45 0 45 0
HWI-ST183_0204:4:41:11493:188946#0/1 45 0 45 0
HWI-ST183_0204:4:41:11493:188946#0/2 45 0 45 0
HWI-ST183_0204:4:65:7281:177179#0/1 45 0 45 0
HWI-ST183_0204:4:65:7281:177179#0/2 45 0 45 0
HWI-ST183_0204:4:41:20634:184973#0/1 45 0 45 0
HWI-ST183_0204:4:41:20634:184973#0/2 45 0 45 0
HWI-ST183_0204:4:65:10893:2632#0/1 45 0 45 0
HWI-ST183_0204:4:65:10893:2632#0/2 45 0 45 0
HWI-ST183_0204:4:66:7420:179352#0/1 45 0 45 0
HWI-ST183_0204:4:66:7420:179352#0/2 45 0 45 0
HWI-ST183_0204:4:4:16324:167915#0/1 45 0 45 0
HWI-ST183_0204:4:4:16324:167915#0/2 45 0 45 0
HWI-ST183_0204:4:43:8010:10978#0/1 45 0 45 0
HWI-ST183_0204:4:43:8010:10978#0/2 45 0 45 0
HWI-ST183_0204:4:3:13731:42708#0/1 45 0 45 0
HWI-ST183_0204:4:3:13731:42708#0/2 45 0 45 0
HWI-ST183_0204:4:27:10543:38412#0/1 45 0 45 0
HWI-ST183_0204:4:27:10543:38412#0/2 44 0 44 1
HWI-ST183_0204:4:25:7317:81462#0/1 45 0 45 0
HWI-ST183_0204:4:25:7317:81462#0/2 45 0 45 0
HWI-ST183_0204:4:63:13356:110294#0/1 45 0 45 0
HWI-ST183_0204:4:63:13356:110294#0/2 45 0 45 0
HWI-ST183_0204:4:65:3869:156817#0/1 0 0 0 0
HWI-ST183_0204:4:65:3869:156817#0/2 0 0 0 0
HWI-ST183_0204:4:45:11012:145422#0/1 39 0 39 6
HWI-ST183_0204:4:45:11012:145422#0/2 36 0 36 9
HWI-ST183_0204:4:43:17431:20696#0/1 24 0 24 21
HWI-ST183_0204:4:43:17431:20696#0/2 0 0 0 0
HWI-ST183_0204:4:45:10391:135813#0/1 23 0 23 22
HWI-ST183_0204:4:45:10391:135813#0/2 26 0 26 19
HWI-ST183_0204:4:4:19056:160072#0/1 45 0 45 0
HWI-ST183_0204:4:4:19056:160072#0/2 45 0 45 0
HWI-ST183_0204:4:24:7832:61419#0/1 45 0 45 0
HWI-ST183_0204:4:24:7832:61419#0/2 38 0 38 7
HWI-ST183_0204:4:24:14800:145513#0/1 45 0 45 0
HWI-ST183_0204:4:24:14800:145513#0/2 29 0 29 16
HWI-ST183_0204:4:43:1414:116390#0/1 45 0 45 0
HWI-ST183_0204:4:43:1414:116390#0/2 39 0 39 6
HWI-ST183_0204:4:44:4747:48068#0/1 45 0 45 0
HWI-ST183_0204:4:44:4747:48068#0/2 45 0 45 0
HWI-ST183_0204:4:46:5269:177758#0/1 45 0 45 0
HWI-ST183_0204:4:46:5269:177758#0/2 0 0 0 0
HWI-ST183_0204:4:46:3692:153571#0/1 45 0 45 0
HWI-ST183_0204:4:46:3692:153571#0/2 34 0 34 11
HWI-ST183_0204:4:6:11993:95826#0/1 45 0 45 0
HWI-ST183_0204:4:6:11993:95826#0/2 45 0 45 0
HWI-ST183_0204:4:68:16760:111101#0/1 45 0 45 0
HWI-ST183_0204:4:68:16760:111101#0/2 0 0 0 0
HWI-ST183_0204:4:47:9693:47881#0/1 45 0 45 0
HWI-ST183_0204:4:47:9693:47881#0/2 45 0 45 0
HWI-ST183_0204:4:67:13682:120415#0/1 45 0 45 0
HWI-ST183_0204:4:67:13682:120415#0/2 45 0 45 0
HWI-ST183_0204:4:45:4189:28451#0/1 45 0 45 0
HWI-ST183_0204:4:45:4189:28451#0/2 45 0 45 0
HWI-ST183_0204:4:25:14592:98431#0/1 45 0 45 0
HWI-ST183_0204:4:25:14592:98431#0/2 45 0 45 0
HWI-ST183_0204:4:43:11982:36336#0/1 45 0 45 0
HWI-ST183_0204:4:43:11982:36336#0/2 45 0 45 0
HWI-ST183_0204:4:46:2116:28204#0/1 29 0 29 16
HWI-ST183_0204:4:46:2116:28204#0/2 39 0 39 6
HWI-ST183_0204:4:63:8495:164673#0/1 45 0 45 0
HWI-ST183_0204:4:63:8495:164673#0/2 45 0 45 0
HWI-ST183_0204:4:45:6219:64176#0/1 0 0 0 0
HWI-ST183_0204:4:45:6219:64176#0/2 0 0 0 0
HWI-ST183_0204:4:22:3927:192667#0/1 45 0 45 0
HWI-ST183_0204:4:22:3927:192667#0/2 45 0 45 0
HWI-ST183_0204:4:42:3485:169375#0/1 45 0 45 0
HWI-ST183_0204:4:42:3485:169375#0/2 45 0 45 0
HWI-ST183_0204:4:21:3898:109113#0/1 45 0 45 0
HWI-ST183_0204:4:21:3898:109113#0/2 44 0 44 1
HWI-ST183_0204:4:46:19372:181977#0/1 45 0 45 0
HWI-ST183_0204:4:46:19372:181977#0/2 45 0 45 0
HWI-ST183_0204:4:45:6599:179942#0/1 45 0 45 0
HWI-ST183_0204:4:45:6599:179942#0/2 45 0 45 0
HWI-ST183_0204:4:47:12552:26824#0/1 45 0 45 0
HWI-ST183_0204:4:47:12552:26824#0/2 39 0 39 6
HWI-ST183_0204:4:25:10450:38226#0/1 35 0 35 10
HWI-ST183_0204:4:25:10450:38226#0/2 45 0 45 0
HWI-ST183_0204:4:45:17755:164343#0/1 45 0 45 0
HWI-ST183_0204:4:45:17755:164343#0/2 45 0 45 0
HWI-ST183_0204:4:62:6017:88728#0/1 45 0 45 0
HWI-ST183_0204:4:62:6017:88728#0/2 45 0 45 0
HWI-ST183_0204:4:44:5292:109864#0/1 45 0 45 0
HWI-ST183_0204:4:44:5292:109864#0/2 45 0 45 0
HWI-ST183_0204:4:62:13843:123716#0/1 45 0 45 0
HWI-ST183_0204:4:62:13843:123716#0/2 34 0 34 11
HWI-ST183_0204:4:23:19669:33084#0/1 45 0 45 0
HWI-ST183_0204:4:23:19669:33084#0/2 45 0 45 0
HWI-ST183_0204:4:24:12453:172193#0/1 45 0 45 0
HWI-ST183_0204:4:24:12453:172193#0/2 45 0 45 0
HWI-ST183_0204:4:62:7793:199238#0/1 45 0 45 0
HWI-ST183_0204:4:62:7793:199238#0/2 44 0 44 1
HWI-ST183_0204:4:1:10226:36522#0/1 45 0 45 0
HWI-ST183_0204:4:1:10226:36522#0/2 45 0 45 0
HWI-ST183_0204:4:67:3284:79328#0/1 45 0 45 0
HWI-ST183_0204:4:67:3284:79328#0/2 37 0 37 8
HWI-ST183_0204:4:47:12681:18532#0/1 45 0 45 0
HWI-ST183_0204:4:47:12681:18532#0/2 41 0 41 4
HWI-ST183_0204:4:63:13351:112080#0/1 45 0 45 0
HWI-ST183_0204:4:63:13351:112080#0/2 45 0 45 0
HWI-ST183_0204:4:48:19024:127624#0/1 43 0 43 2
HWI-ST183_0204:4:48:19024:127624#0/2 0 0 0 0
HWI-ST183_0204:4:68:6345:91580#0/1 45 0 45 0
HWI-ST183_0204:4:68:6345:91580#0/2 45 0 45 0
HWI-ST183_0204:4:25:1112:130327#0/1 45 0 45 0
HWI-ST183_0204:4:25:1112:130327#0/2 20 0 20 25
HWI-ST183_0204:4:22:20682:160676#0/1 45 0 45 0
HWI-ST183_0204:4:22:20682:160676#0/2 29 0 29 16
HWI-ST183_0204:4:42:2229:63334#0/1 43 0 43 2
HWI-ST183_0204:4:42:2229:63334#0/2 37 0 37 8
HWI-ST183_0204:4:44:4422:49340#0/1 45 0 45 0
HWI-ST183_0204:4:44:4422:49340#0/2 45 0 45 0
HWI-ST183_0204:4:65:7686:7290#0/1 45 0 45 0
HWI-ST183_0204:4:65:7686:7290#0/2 45 0 45 0
HWI-ST183_0204:4:22:9890:143250#0/1 45 0 45 0
HWI-ST183_0204:4:22:9890:143250#0/2 43 0 43 2
HWI-ST183_0204:4:47:7033:27505#0/1 45 0 45 0
HWI-ST183_0204:4:47:7033:27505#0/2 45 0 45 0
HWI-ST183_0204:4:67:8865:146965#0/1 44 0 44 1
HWI-ST183_0204:4:67:8865:146965#0/2 36 0 36 9
HWI-ST183_0204:4:23:5290:9348#0/1 45 0 45 0
HWI-ST183_0204:4:23:5290:9348#0/2 45 0 45 0
HWI-ST183_0204:4:42:11076:53819#0/1 45 0 45 0
HWI-ST183_0204:4:42:11076:53819#0/2 45 0 45 0
HWI-ST183_0204:4:5:1790:29200#0/1 22 0 22 23
HWI-ST183_0204:4:5:1790:29200#0/2 24 0 24 21
HWI-ST183_0204:4:67:12144:160475#0/1 0 0 0 0
HWI-ST183_0204:4:67:12144:160475#0/2 0 0 0 0
HWI-ST183_0204:4:22:9277:96533#0/1 45 0 45 0
HWI-ST183_0204:4:22:9277:96533#0/2 0 0 0 0
HWI-ST183_0204:4:46:9878:130113#0/1 45 0 45 0
HWI-ST183_0204:4:46:9878:130113#0/2 45 0 45 0
HWI-ST183_0204:4:68:11991:93926#0/1 45 0 45 0
HWI-ST183_0204:4:68:11991:93926#0/2 43 0 43 2
HWI-ST183_0204:4:1:8522:34259#0/1 45 0 45 0
HWI-ST183_0204:4:1:8522:34259#0/2 45 0 45 0
HWI-ST183_0204:4:26:13714:12813#0/1 41 0 41 4
HWI-ST183_0204:4:26:13714:12813#0/2 45 0 45 0
HWI-ST183_0204:4:61:17458:145766#0/1 45 0 45 0
HWI-ST183_0204:4:61:17458:145766#0/2 45 0 45 0
HWI-ST183_0204:4:43:15767:128022#0/1 29 0 29 16
HWI-ST183_0204:4:43:15767:128022#0/2 45 0 45 0
HWI-ST183_0204:4:44:6680:179562#0/1 45 0 45 0
HWI-ST183_0204:4:44:6680:179562#0/2 45 0 45 0
HWI-ST183_0204:4:3:16521:97769#0/1 45 0 45 0
HWI-ST183_0204:4:3:16521:97769#0/2 45 0 45 0
HWI-ST183_0204:4:62:6269:181658#0/1 45 0 45 0
HWI-ST183_0204:4:62:6269:181658#0/2 45 0 45 0
HWI-ST183_0204:4:4:11052:126257#0/1 45 0 45 0
HWI-ST183_0204:4:4:11052:126257#0/2 45 0 45 0
HWI-ST183_0204:4:45:15780:127014#0/1 45 0 45 0
HWI-ST183_0204:4:45:15780:127014#0/2 41 0 41 4
HWI-ST183_0204:4:27:6444:58253#0/1 37 0 37 8
HWI-ST183_0204:4:27:6444:58253#0/2 0 0 0 0
HWI-ST183_0204:4:44:1985:15423#0/1 45 0 45 0
HWI-ST183_0204:4:44:1985:15423#0/2 33 0 33 12
HWI-ST183_0204:4:22:10990:107583#0/1 45 0 45 0
HWI-ST183_0204:4:22:10990:107583#0/2 45 0 45 0
HWI-ST183_0204:4:27:7424:79980#0/1 45 0 45 0
HWI-ST183_0204:4:27:7424:79980#0/2 45 0 45 0
HWI-ST183_0204:4:27:10268:108833#0/1 40 0 40 5
HWI-ST183_0204:4:27:10268:108833#0/2 0 0 0 0
HWI-ST183_0204:4:64:15469:11691#0/1 45 0 45 0
HWI-ST183_0204:4:64:15469:11691#0/2 45 0 45 0
HWI-ST183_0204:4:23:21070:141455#0/1 45 0 45 0
HWI-ST183_0204:4:23:21070:141455#0/2 45 0 45 0
HWI-ST183_0204:4:67:9774:163759#0/1 45 0 45 0
HWI-ST183_0204:4:67:9774:163759#0/2 45 0 45 0
HWI-ST183_0204:4:63:16823:133460#0/1 45 0 45 0
HWI-ST183_0204:4:63:16823:133460#0/2 45 0 45 0
HWI-ST183_0204:4:8:9355:126347#0/1 45 0 45 0
HWI-ST183_0204:4:8:9355:126347#0/2 45 0 45 0
HWI-ST183_0204:4:61:9330:136297#0/1 45 0 45 0
HWI-ST183_0204:4:61:9330:136297#0/2 39 0 39 6
HWI-ST183_0204:4:4:8273:36675#0/1 45 0 45 0
HWI-ST183_0204:4:4:8273:36675#0/2 45 0 45 0
HWI-ST183_0204:4:46:9483:52693#0/1 45 0 45 0
HWI-ST183_0204:4:46:9483:52693#0/2 30 0 30 15
HWI-ST183_0204:4:63:13545:15277#0/1 45 0 45 0
HWI-ST183_0204:4:63:13545:15277#0/2 45 0 45 0
HWI-ST183_0204:4:64:12082:53800#0/1 45 0 45 0
HWI-ST183_0204:4:64:12082:53800#0/2 45 0 45 0
HWI-ST183_0204:4:47:19464:197687#0/1 45 0 45 0
HWI-ST183_0204:4:47:19464:197687#0/2 45 0 45 0
HWI-ST183_0204:4:3:9591:136618#0/1 45 0 45 0
HWI-ST183_0204:4:3:9591:136618#0/2 45 0 45 0
HWI-ST183_0204:4:65:8939:54252#0/1 45 0 45 0
HWI-ST183_0204:4:65:8939:54252#0/2 24 0 24 21
HWI-ST183_0204:4:62:20454:126733#0/1 45 0 45 0
HWI-ST183_0204:4:62:20454:126733#0/2 43 0 43 2
HWI-ST183_0204:4:4:11071:62448#0/1 45 0 45 0
HWI-ST183_0204:4:4:11071:62448#0/2 45 0 45 0
HWI-ST183_0204:4:45:9398:146981#0/1 45 0 45 0
HWI-ST183_0204:4:45:9398:146981#0/2 45 0 45 0
HWI-ST183_0204:4:45:19236:37821#0/1 45 0 45 0
HWI-ST183_0204:4:45:19236:37821#0/2 45 0 45 0
HWI-ST183_0204:4:8:5278:145142#0/1 29 0 29 16
HWI-ST183_0204:4:8:5278:145142#0/2 31 0 31 14
HWI-ST183_0204:4:21:14303:56710#0/1 45 0 45 0
HWI-ST183_0204:4:21:14303:56710#0/2 45 0 45 0
HWI-ST183_0204:4:2:16222:125097#0/1 45 0 45 0
HWI-ST183_0204:4:2:16222:125097#0/2 45 0 45 0
HWI-ST183_0204:4:2:8886:156474#0/1 38 0 38 7
HWI-ST183_0204:4:2:8886:156474#0/2 45 0 45 0
HWI-ST183_0204:4:42:16113:190801#0/1 45 0 45 0
HWI-ST183_0204:4:42:16113:190801#0/2 45 0 45 0
HWI-ST183_0204:4:2:7760:106591#0/1 45 0 45 0
HWI-ST183_0204:4:2:7760:106591#0/2 32 0 32 13
HWI-ST183_0204:4:47:10377:75977#0/1 45 0 45 0
HWI-ST183_0204:4:47:10377:75977#0/2 45 0 45 0
HWI-ST183_0204:4:27:18908:54057#0/1 0 0 0 0
HWI-ST183_0204:4:27:18908:54057#0/2 0 0 0 0
HWI-ST183_0204:4:48:6415:4908#0/1 37 0 37 8
HWI-ST183_0204:4:48:6415:4908#0/2 0 0 0 0
HWI-ST183_0204:4:66:8326:4319#0/1 45 0 45 0
HWI-ST183_0204:4:66:8326:4319#0/2 45 0 45 0
HWI-ST183_0204:4:66:18302:143251#0/1 45 0 45 0
HWI-ST183_0204:4:66:18302:143251#0/2 45 0 45 0
HWI-ST183_0204:4:64:20049:65079#0/1 43 0 43 2
HWI-ST183_0204:4:64:20049:65079#0/2 40 0 40 5
HWI-ST183_0204:4:1:4924:48320#0/1 45 0 45 0
HWI-ST183_0204:4:1:4924:48320#0/2 45 0 45 0
HWI-ST183_0204:4:24:1583:45028#0/1 45 0 45 0
HWI-ST183_0204:4:24:1583:45028#0/2 45 0 45 0
HWI-ST183_0204:4:24:13946:69859#0/1 45 0 45 0
HWI-ST183_0204:4:24:13946:69859#0/2 45 0 45 0
HWI-ST183_0204:4:47:9480:120556#0/1 45 0 45 0
HWI-ST183_0204:4:47:9480:120556#0/2 45 0 45 0
HWI-ST183_0204:4:8:6765:130340#0/1 45 0 45 0
HWI-ST183_0204:4:8:6765:130340#0/2 45 0 45 0
HWI-ST183_0204:4:45:15161:105407#0/1 45 0 45 0
HWI-ST183_0204:4:45:15161:105407#0/2 45 0 45 0
HWI-ST183_0204:4:24:7679:27590#0/1 45 0 45 0
HWI-ST183_0204:4:24:7679:27590#0/2 45 0 45 0
HWI-ST183_0204:4:2:1984:41163#0/1 45 0 45 0
HWI-ST183_0204:4:2:1984:41163#0/2 34 0 34 11
HWI-ST183_0204:4:46:11674:159262#0/1 45 0 45 0
HWI-ST183_0204:4:46:11674:159262#0/2 45 0 45 0
HWI-ST183_0204:4:61:10221:148379#0/1 45 0 45 0
HWI-ST183_0204:4:61:10221:148379#0/2 45 0 45 0
HWI-ST183_0204:4:4:1182:188902#0/1 24 0 24 21
HWI-ST183_0204:4:4:1182:188902#0/2 33 0 33 12
HWI-ST183_0204:4:23:16569:27748#0/1 30 0 30 15
HWI-ST183_0204:4:23:16569:27748#0/2 30 0 30 15
HWI-ST183_0204:4:46:8208:83039#0/1 45 0 45 0
HWI-ST183_0204:4:46:8208:83039#0/2 44 0 44 1
HWI-ST183_0204:4:43:12294:7942#0/1 45 0 45 0
HWI-ST183_0204:4:43:12294:7942#0/2 45 0 45 0
HWI-ST183_0204:4:46:5237:86820#0/1 45 0 45 0
HWI-ST183_0204:4:46:5237:86820#0/2 34 0 34 11
HWI-ST183_0204:4:61:11715:41618#0/1 45 0 45 0
HWI-ST183_0204:4:61:11715:41618#0/2 45 0 45 0
HWI-ST183_0204:4:47:5815:185325#0/1 45 0 45 0
HWI-ST183_0204:4:47:5815:185325#0/2 45 0 45 0
HWI-ST183_0204:4:45:15444:47807#0/1 45 0 45 0
HWI-ST183_0204:4:45:15444:47807#0/2 45 0 45 0
HWI-ST183_0204:4:25:7030:44515#0/1 45 0 45 0
HWI-ST183_0204:4:25:7030:44515#0/2 45 0 45 0
HWI-ST183_0204:4:1:4768:132593#0/1 45 0 45 0
HWI-ST183_0204:4:1:4768:132593#0/2 42 0 42 3
HWI-ST183_0204:4:1:8499:174657#0/1 45 0 45 0
HWI-ST183_0204:4:1:8499:174657#0/2 45 0 45 0
HWI-ST183_0204:4:63:15406:64448#0/1 45 0 45 0
HWI-ST183_0204:4:63:15406:64448#0/2 39 0 39 6
HWI-ST183_0204:4:62:6954:55355#0/1 45 0 45 0
HWI-ST183_0204:4:62:6954:55355#0/2 45 0 45 0
HWI-ST183_0204:4:26:11796:168629#0/1 45 0 45 0
HWI-ST183_0204:4:26:11796:168629#0/2 45 0 45 0
HWI-ST183_0204:4:62:13141:98558#0/1 45 0 45 0
HWI-ST183_0204:4:62:13141:98558#0/2 45 0 45 0
HWI-ST183_0204:4:3:14114:28831#0/1 45 0 45 0
HWI-ST183_0204:4:3:14114:28831#0/2 45 0 45 0
HWI-ST183_0204:4:47:8305:53944#0/1 45 0 45 0
HWI-ST183_0204:4:47:8305:53944#0/2 45 0 45 0
HWI-ST183_0204:4:27:12171:18131#0/1 45 0 45 0
HWI-ST183_0204:4:27:12171:18131#0/2 45 0 45 0
HWI-ST183_0204:4:64:5861:120118#0/1 34 0 34 11
HWI-ST183_0204:4:64:5861:120118#0/2 26 0 26 19
HWI-ST183_0204:4:6:8647:21305#0/1 45 0 45 0
HWI-ST183_0204:4:6:8647:21305#0/2 45 0 45 0
HWI-ST183_0204:4:63:8173:44175#0/1 41 0 41 4
HWI-ST183_0204:4:63:8173:44175#0/2 45 0 45 0
HWI-ST183_0204:4:44:20708:68413#0/1 45 0 45 0
HWI-ST183_0204:4:44:20708:68413#0/2 45 0 45 0
HWI-ST183_0204:4:61:9260:168973#0/1 45 0 45 0
HWI-ST183_0204:4:61:9260:168973#0/2 44 0 44 1
HWI-ST183_0204:4:65:17113:17606#0/1 45 0 45 0
HWI-ST183_0204:4:65:17113:17606#0/2 45 0 45 0
HWI-ST183_0204:4:65:4427:197299#0/1 45 0 45 0
HWI-ST183_0204:4:65:4427:197299#0/2 45 0 45 0
HWI-ST183_0204:4:26:15415:39586#0/1 45 0 45 0
HWI-ST183_0204:4:26:15415:39586#0/2 45 0 45 0
HWI-ST183_0204:4:45:18119:192062#0/1 45 0 45 0
HWI-ST183_0204:4:45:18119:192062#0/2 45 0 45 0
HWI-ST183_0204:4:48:8381:34298#0/1 25 0 25 20
HWI-ST183_0204:4:48:8381:34298#0/2 0 0 0 0
HWI-ST183_0204:4:66:11276:182840#0/1 45 0 45 0
HWI-ST183_0204:4:66:11276:182840#0/2 37 0 37 8
HWI-ST183_0204:4:22:18569:24378#0/1 45 0 45 0
HWI-ST183_0204:4:22:18569:24378#0/2 45 0 45 0
HWI-ST183_0204:4:64:19026:96441#0/1 21 0 21 24
HWI-ST183_0204:4:64:19026:96441#0/2 45 0 45 0
HWI-ST183_0204:4:41:3227:156805#0/1 25 0 25 20
HWI-ST183_0204:4:41:3227:156805#0/2 23 0 23 22
HWI-ST183_0204:4:42:19919:19791#0/1 45 0 45 0
HWI-ST183_0204:4:42:19919:19791#0/2 45 0 45 0
HWI-ST183_0204:4:46:3392:88486#0/1 36 0 36 9
HWI-ST183_0204:4:46:3392:88486#0/2 0 0 0 0
HWI-ST183_0204:4:41:20032:199687#0/1 45 0 45 0
HWI-ST183_0204:4:41:20032:199687#0/2 45 0 45 0
HWI-ST183_0204:4:42:13422:112868#0/1 45 0 45 0
HWI-ST183_0204:4:42:13422:112868#0/2 45 0 45 0
HWI-ST183_0204:4:3:15757:65518#0/1 45 0 45 0
HWI-ST183_0204:4:3:15757:65518#0/2 45 0 45 0
HWI-ST183_0204:4:27:19654:133774#0/1 39 0 39 6
HWI-ST183_0204:4:27:19654:133774#0/2 45 0 45 0
HWI-ST183_0204:4:6:9638:55641#0/1 45 0 45 0
HWI-ST183_0204:4:6:9638:55641#0/2 45 0 45 0
HWI-ST183_0204:4:41:17855:111980#0/1 45 0 45 0
HWI-ST183_0204:4:41:17855:111980#0/2 45 0 45 0
HWI-ST183_0204:4:5:10333:15134#0/1 45 0 45 0
HWI-ST183_0204:4:5:10333:15134#0/2 44 0 44 1
HWI-ST183_0204:4:4:19698:114529#0/1 27 0 27 18
HWI-ST183_0204:4:4:19698:114529#0/2 0 0 0 0
HWI-ST183_0204:4:26:18075:47921#0/1 44 0 44 1
HWI-ST183_0204:4:26:18075:47921#0/2 0 0 0 0
HWI-ST183_0204:4:46:4987:178306#0/1 39 0 39 6
HWI-ST183_0204:4:46:4987:178306#0/2 45 0 45 0
HWI-ST183_0204:4:65:2617:89114#0/1 45 0 45 0
HWI-ST183_0204:4:65:2617:89114#0/2 41 0 41 4
HWI-ST183_0204:4:2:18968:24376#0/1 45 0 45 0
HWI-ST183_0204:4:2:18968:24376#0/2 45 0 45 0
HWI-ST183_0204:4:5:2307:145228#0/1 24 0 24 21
HWI-ST183_0204:4:5:2307:145228#0/2 0 0 0 0
HWI-ST183_0204:4:67:15831:119305#0/1 45 0 45 0
HWI-ST183_0204:4:67:15831:119305#0/2 45 0 45 0
HWI-ST183_0204:4:23:11546:68693#0/1 44 0 44 1
HWI-ST183_0204:4:23:11546:68693#0/2 0 0 0 0
HWI-ST183_0204:4:47:19536:47201#0/1 45 0 45 0
HWI-ST183_0204:4:47:19536:47201#0/2 45 0 45 0
HWI-ST183_0204:4:22:7539:175143#0/1 45 0 45 0
HWI-ST183_0204:4:22:7539:175143#0/2 45 0 45 0
HWI-ST183_0204:4:25:21097:44995#0/1 45 0 45 0
HWI-ST183_0204:4:25:21097:44995#0/2 45 0 45 0
HWI-ST183_0204:4:68:17013:67247#0/1 45 0 45 0
HWI-ST183_0204:4:68:17013:67247#0/2 0 0 0 0
HWI-ST183_0204:4:68:6156:117414#0/1 45 0 45 0
HWI-ST183_0204:4:68:6156:117414#0/2 45 0 45 0
HWI-ST183_0204:4:41:14411:56768#0/1 45 0 45 0
HWI-ST183_0204:4:41:14411:56768#0/2 45 0 45 0
HWI-ST183_0204:4:26:11498:169719#0/1 45 0 45 0
HWI-ST183_0204:4:26:11498:169719#0/2 45 0 45 0
HWI-ST183_0204:4:25:16599:55284#0/1 45 0 45 0
HWI-ST183_0204:4:25:16599:55284#0/2 45 0 45 0
HWI-ST183_0204:4:2:18607:174701#0/1 45 0 45 0
HWI-ST183_0204:4:2:18607:174701#0/2 45 0 45 0
HWI-ST183_0204:4:4:3986:33879#0/1 45 0 45 0
HWI-ST183_0204:4:4:3986:33879#0/2 45 0 45 0
HWI-ST183_0204:4:66:8788:150174#0/1 45 0 45 0
HWI-ST183_0204:4:66:8788:150174#0/2 45 0 45 0
HWI-ST183_0204:4:26:1443:174965#0/1 26 0 26 19
HWI-ST183_0204:4:26:1443:174965#0/2 33 0 33 12
HWI-ST183_0204:4:43:17203:139645#0/1 45 0 45 0
HWI-ST183_0204:4:43:17203:139645#0/2 45 0 45 0
HWI-ST183_0204:4:47:4372:67320#0/1 45 0 45 0
HWI-ST183_0204:4:47:4372:67320#0/2 45 0 45 0
HWI-ST183_0204:4:42:16348:131879#0/1 0 0 0 0
HWI-ST183_0204:4:42:16348:131879#0/2 24 0 24 21
HWI-ST183_0204:4:66:18231:181765#0/1 34 0 34 11
HWI-ST183_0204:4:66:18231:181765#0/2 21 0 21 24
HWI-ST183_0204:4:6:15818:24848#0/1 45 0 45 0
HWI-ST183_0204:4:6:15818:24848#0/2 45 0 45 0
HWI-ST183_0204:4:3:3812:138766#0/1 45 0 45 0
HWI-ST183_0204:4:3:3812:138766#0/2 0 0 0 0
HWI-ST183_0204:4:3:18091:117291#0/1 45 0 45 0
HWI-ST183_0204:4:3:18091:117291#0/2 45 0 45 0
HWI-ST183_0204:4:61:1679:52811#0/1 45 0 45 0
HWI-ST183_0204:4:61:1679:52811#0/2 45 0 45 0
HWI-ST183_0204:4:21:15850:183148#0/1 45 0 45 0
HWI-ST183_0204:4:21:15850:183148#0/2 45 0 45 0
HWI-ST183_0204:4:21:1237:65367#0/1 45 0 45 0
HWI-ST183_0204:4:21:1237:65367#0/2 39 0 39 6
HWI-ST183_0204:4:63:5493:92952#0/1 45 0 45 0
HWI-ST183_0204:4:63:5493:92952#0/2 45 0 45 0
HWI-ST183_0204:4:45:18698:82208#0/1 45 0 45 0
HWI-ST183_0204:4:45:18698:82208#0/2 45 0 45 0
HWI-ST183_0204:4:23:18726:178622#0/1 45 0 45 0
HWI-ST183_0204:4:23:18726:178622#0/2 45 0 45 0
HWI-ST183_0204:4:6:5228:9826#0/1 29 0 29 16
HWI-ST183_0204:4:6:5228:9826#0/2 45 0 45 0
HWI-ST183_0204:4:65:10061:113941#0/1 45 0 45 0
HWI-ST183_0204:4:65:10061:113941#0/2 45 0 45 0
HWI-ST183_0204:4:8:14629:121725#0/1 45 0 45 0
HWI-ST183_0204:4:8:14629:121725#0/2 45 0 45 0
HWI-ST183_0204:4:43:20784:165931#0/1 45 0 45 0
HWI-ST183_0204:4:43:20784:165931#0/2 45 0 45 0
HWI-ST183_0204:4:48:4026:154662#0/1 36 0 36 9
HWI-ST183_0204:4:48:4026:154662#0/2 0 0 0 0
HWI-ST183_0204:4:26:19741:135227#0/1 45 0 45 0
HWI-ST183_0204:4:26:19741:135227#0/2 43 0 43 2
HWI-ST183_0204:4:46:20938:166301#0/1 45 0 45 0
HWI-ST183_0204:4:46:20938:166301#0/2 45 0 45 0
HWI-ST183_0204:4:44:20537:12606#0/1 45 0 45 0
HWI-ST183_0204:4:44:20537:12606#0/2 45 0 45 0
HWI-ST183_0204:4:64:21225:62985#0/1 45 0 45 0
HWI-ST183_0204:4:64:21225:62985#0/2 37 0 37 8
HWI-ST183_0204:4:46:10797:180024#0/1 0 0 0 0
HWI-ST183_0204:4:46:10797:180024#0/2 45 0 45 0
HWI-ST183_0204:4:27:17051:131340#0/1 45 0 45 0
HWI-ST183_0204:4:27:17051:131340#0/2 45 0 45 0
HWI-ST183_0204:4:2:12457:38289#0/1 45 0 45 0
HWI-ST183_0204:4:2:12457:38289#0/2 45 0 45 0
HWI-ST183_0204:4:65:14372:11743#0/1 45 0 45 0
HWI-ST183_0204:4:65:14372:11743#0/2 45 0 45 0
HWI-ST183_0204:4:42:16280:193961#0/1 45 0 45 0
HWI-ST183_0204:4:42:16280:193961#0/2 45 0 45 0
HWI-ST183_0204:4:1:7172:41972#0/1 43 0 43 2
HWI-ST183_0204:4:1:7172:41972#0/2 36 0 36 9
HWI-ST183_0204:4:42:13994:155997#0/1 45 0 45 0
HWI-ST183_0204:4:42:13994:155997#0/2 45 0 45 0
HWI-ST183_0204:4:42:17831:35452#0/1 45 0 45 0
HWI-ST183_0204:4:42:17831:35452#0/2 45 0 45 0
HWI-ST183_0204:4:48:4184:133601#0/1 45 0 45 0
HWI-ST183_0204:4:48:4184:133601#0/2 0 0 0 0
HWI-ST183_0204:4:2:7752:161439#0/1 38 0 38 7
HWI-ST183_0204:4:2:7752:161439#0/2 0 0 0 0
HWI-ST183_0204:4:23:17516:114803#0/1 45 0 45 0
HWI-ST183_0204:4:23:17516:114803#0/2 45 0 45 0
HWI-ST183_0204:4:25:3333:162236#0/1 45 0 45 0
HWI-ST183_0204:4:25:3333:162236#0/2 45 0 45 0
HWI-ST183_0204:4:63:5619:164774#0/1 45 0 45 0
HWI-ST183_0204:4:63:5619:164774#0/2 45 0 45 0
HWI-ST183_0204:4:68:17686:24455#0/1 45 0 45 0
HWI-ST183_0204:4:68:17686:24455#0/2 45 0 45 0
HWI-ST183_0204:4:67:9243:145384#0/1 45 0 45 0
HWI-ST183_0204:4:67:9243:145384#0/2 45 0 45 0
HWI-ST183_0204:4:22:13473:26951#0/1 45 0 45 0
HWI-ST183_0204:4:22:13473:26951#0/2 45 0 45 0
HWI-ST183_0204:4:8:16593:93657#0/1 45 0 45 0
HWI-ST183_0204:4:8:16593:93657#0/2 45 0 45 0
HWI-ST183_0204:4:44:6979:101840#0/1 45 0 45 0
HWI-ST183_0204:4:44:6979:101840#0/2 45 0 45 0
HWI-ST183_0204:4:25:13508:76529#0/1 45 0 45 0
HWI-ST183_0204:4:25:13508:76529#0/2 45 0 45 0
HWI-ST183_0204:4:21:15909:99024#0/1 0 0 0 0
HWI-ST183_0204:4:21:15909:99024#0/2 0 0 0 0
HWI-ST183_0204:4:48:12226:15419#0/1 45 0 45 0
HWI-ST183_0204:4:48:12226:15419#0/2 0 0 0 0
HWI-ST183_0204:4:22:3345:191578#0/1 45 0 45 0
HWI-ST183_0204:4:22:3345:191578#0/2 45 0 45 0
HWI-ST183_0204:4:4:8014:134124#0/1 45 0 45 0
HWI-ST183_0204:4:4:8014:134124#0/2 45 0 45 0
HWI-ST183_0204:4:42:10307:164394#0/1 45 0 45 0
HWI-ST183_0204:4:42:10307:164394#0/2 45 0 45 0
HWI-ST183_0204:4:4:18544:108922#0/1 45 0 45 0
HWI-ST183_0204:4:4:18544:108922#0/2 45 0 45 0
HWI-ST183_0204:4:5:20086:165596#0/1 45 0 45 0
HWI-ST183_0204:4:5:20086:165596#0/2 41 0 41 4
HWI-ST183_0204:4:68:10621:41555#0/1 45 0 45 0
HWI-ST183_0204:4:68:10621:41555#0/2 0 0 0 0
HWI-ST183_0204:4:48:9011:4248#0/1 45 0 45 0
HWI-ST183_0204:4:48:9011:4248#0/2 0 0 0 0
HWI-ST183_0204:4:65:3074:189442#0/1 45 0 45 0
HWI-ST183_0204:4:65:3074:189442#0/2 45 0 45 0
HWI-ST183_0204:4:23:16640:157664#0/1 34 0 34 11
HWI-ST183_0204:4:23:16640:157664#0/2 28 0 28 17
HWI-ST183_0204:4:44:3941:189369#0/1 45 0 45 0
HWI-ST183_0204:4:44:3941:189369#0/2 41 0 41 4
HWI-ST183_0204:4:6:15588:104505#0/1 45 0 45 0
HWI-ST183_0204:4:6:15588:104505#0/2 45 0 45 0
HWI-ST183_0204:4:64:7169:20956#0/1 45 0 45 0
HWI-ST183_0204:4:64:7169:20956#0/2 45 0 45 0
HWI-ST183_0204:4:6:7103:190563#0/1 45 0 45 0
HWI-ST183_0204:4:6:7103:190563#0/2 40 0 40 5
HWI-ST183_0204:4:61:10921:54402#0/1 45 0 45 0
HWI-ST183_0204:4:61:10921:54402#0/2 45 0 45 0
HWI-ST183_0204:4:21:14201:105702#0/1 45 0 45 0
HWI-ST183_0204:4:21:14201:105702#0/2 45 0 45 0
HWI-ST183_0204:4:46:15656:181569#0/1 45 0 45 0
HWI-ST183_0204:4:46:15656:181569#0/2 45 0 45 0
HWI-ST183_0204:4:62:14824:75722#0/1 45 0 45 0
HWI-ST183_0204:4:62:14824:75722#0/2 45 0 45 0
HWI-ST183_0204:4:23:13631:134800#0/1 45 0 45 0
HWI-ST183_0204:4:23:13631:134800#0/2 45 0 45 0
HWI-ST183_0204:4:46:9274:138188#0/1 29 0 29 16
HWI-ST183_0204:4:46:9274:138188#0/2 44 0 44 1
HWI-ST183_0204:4:6:4435:79133#0/1 37 0 37 8
HWI-ST183_0204:4:6:4435:79133#0/2 29 0 29 16
HWI-ST183_0204:4:64:14435:37992#0/1 45 0 45 0
HWI-ST183_0204:4:64:14435:37992#0/2 45 0 45 0
HWI-ST183_0204:4:46:15817:94153#0/1 45 0 45 0
HWI-ST183_0204:4:46:15817:94153#0/2 45 0 45 0
HWI-ST183_0204:4:66:3223:119190#0/1 44 0 44 1
HWI-ST183_0204:4:66:3223:119190#0/2 45 0 45 0
HWI-ST183_0204:4:66:6045:172951#0/1 45 0 45 0
HWI-ST183_0204:4:66:6045:172951#0/2 45 0 45 0
HWI-ST183_0204:4:45:4518:82241#0/1 45 0 45 0
HWI-ST183_0204:4:45:4518:82241#0/2 38 0 38 7
HWI-ST183_0204:4:22:7772:138508#0/1 45 0 45 0
HWI-ST183_0204:4:22:7772:138508#0/2 24 0 24 21
HWI-ST183_0204:4:21:17061:150291#0/1 45 0 45 0
HWI-ST183_0204:4:21:17061:150291#0/2 45 0 45 0
HWI-ST183_0204:4:43:10835:139124#0/1 45 0 45 0
HWI-ST183_0204:4:43:10835:139124#0/2 45 0 45 0
HWI-ST183_0204:4:42:16935:32243#0/1 45 0 45 0
HWI-ST183_0204:4:42:16935:32243#0/2 45 0 45 0
HWI-ST183_0204:4:61:10103:138709#0/1 45 0 45 0
HWI-ST183_0204:4:61:10103:138709#0/2 45 0 45 0
HWI-ST183_0204:4:62:18429:191479#0/1 45 0 45 0
HWI-ST183_0204:4:62:18429:191479#0/2 45 0 45 0
HWI-ST183_0204:4:27:17708:127462#0/1 45 0 45 0
HWI-ST183_0204:4:27:17708:127462#0/2 45 0 45 0
HWI-ST183_0204:4:47:11421:148101#0/1 45 0 45 0
HWI-ST183_0204:4:47:11421:148101#0/2 45 0 45 0
HWI-ST183_0204:4:26:4130:184034#0/1 45 0 45 0
HWI-ST183_0204:4:26:4130:184034#0/2 45 0 45 0
HWI-ST183_0204:4:25:3214:39416#0/1 44 0 44 1
HWI-ST183_0204:4:25:3214:39416#0/2 45 0 45 0
HWI-ST183_0204:4:46:4742:151876#0/1 45 0 45 0
HWI-ST183_0204:4:46:4742:151876#0/2 0 0 0 0
HWI-ST183_0204:4:43:10318:121857#0/1 45 0 45 0
HWI-ST183_0204:4:43:10318:121857#0/2 45 0 45 0
HWI-ST183_0204:4:25:9670:181376#0/1 28 0 28 17
HWI-ST183_0204:4:25:9670:181376#0/2 45 0 45 0
HWI-ST183_0204:4:47:10142:76049#0/1 45 0 45 0
HWI-ST183_0204:4:47:10142:76049#0/2 45 0 45 0
HWI-ST183_0204:4:63:17072:46459#0/1 45 0 45 0
HWI-ST183_0204:4:63:17072:46459#0/2 45 0 45 0
HWI-ST183_0204:4:46:21282:26621#0/1 45 0 45 0
HWI-ST183_0204:4:46:21282:26621#0/2 45 0 45 0
HWI-ST183_0204:4:42:4666:101698#0/1 45 0 45 0
HWI-ST183_0204:4:42:4666:101698#0/2 42 0 42 3
HWI-ST183_0204:4:5:14457:199255#0/1 45 0 45 0
HWI-ST183_0204:4:5:14457:199255#0/2 45 0 45 0
HWI-ST183_0204:4:43:15923:124060#0/1 45 0 45 0
HWI-ST183_0204:4:43:15923:124060#0/2 45 0 45 0
HWI-ST183_0204:4:41:12844:111561#0/1 45 0 45 0
HWI-ST183_0204:4:41:12844:111561#0/2 43 0 43 2
HWI-ST183_0204:4:2:19960:2378#0/1 45 0 45 0
HWI-ST183_0204:4:2:19960:2378#0/2 45 0 45 0
HWI-ST183_0204:4:27:4833:161233#0/1 0 0 0 0
HWI-ST183_0204:4:27:4833:161233#0/2 24 0 24 21
HWI-ST183_0204:4:5:11904:25011#0/1 45 0 45 0
HWI-ST183_0204:4:5:11904:25011#0/2 45 0 45 0
HWI-ST183_0204:4:41:16545:26897#0/1 39 0 39 6
HWI-ST183_0204:4:41:16545:26897#0/2 45 0 45 0
HWI-ST183_0204:4:44:3546:96351#0/1 45 0 45 0
HWI-ST183_0204:4:44:3546:96351#0/2 45 0 45 0
HWI-ST183_0204:4:65:19996:34627#0/1 45 0 45 0
HWI-ST183_0204:4:65:19996:34627#0/2 45 0 45 0
HWI-ST183_0204:4:64:7137:151533#0/1 45 0 45 0
HWI-ST183_0204:4:64:7137:151533#0/2 45 0 45 0
HWI-ST183_0204:4:24:19677:136389#0/1 45 0 45 0
HWI-ST183_0204:4:24:19677:136389#0/2 45 0 45 0
HWI-ST183_0204:4:27:9647:2942#0/1 45 0 45 0
HWI-ST183_0204:4:27:9647:2942#0/2 45 0 45 0
HWI-ST183_0204:4:23:15697:110693#0/1 45 0 45 0
HWI-ST183_0204:4:23:15697:110693#0/2 45 0 45 0
HWI-ST183_0204:4:65:7477:63461#0/1 45 0 45 0
HWI-ST183_0204:4:65:7477:63461#0/2 44 0 44 1
HWI-ST183_0204:4:41:17821:84117#0/1 45 0 45 0
HWI-ST183_0204:4:41:17821:84117#0/2 45 0 45 0
HWI-ST183_0204:4:44:13843:48310#0/1 45 0 45 0
HWI-ST183_0204:4:44:13843:48310#0/2 45 0 45 0
HWI-ST183_0204:4:2:7932:22284#0/1 45 0 45 0
HWI-ST183_0204:4:2:7932:22284#0/2 45 0 45 0
HWI-ST183_0204:4:4:17197:152270#0/1 45 0 45 0
HWI-ST183_0204:4:4:17197:152270#0/2 45 0 45 0
HWI-ST183_0204:4:48:13199:46084#0/1 45 0 45 0
HWI-ST183_0204:4:48:13199:46084#0/2 0 0 0 0
HWI-ST183_0204:4:1:14201:163360#0/1 38 0 38 7
HWI-ST183_0204:4:1:14201:163360#0/2 45 0 45 0
HWI-ST183_0204:4:66:12393:90271#0/1 45 0 45 0
HWI-ST183_0204:4:66:12393:90271#0/2 45 0 45 0
HWI-ST183_0204:4:2:19108:75970#0/1 45 0 45 0
HWI-ST183_0204:4:2:19108:75970#0/2 44 0 44 1
HWI-ST183_0204:4:22:12121:13800#0/1 45 0 45 0
HWI-ST183_0204:4:22:12121:13800#0/2 45 0 45 0
HWI-ST183_0204:4:1:14851:197255#0/1 45 0 45 0
HWI-ST183_0204:4:1:14851:197255#0/2 45 0 45 0
HWI-ST183_0204:4:5:4759:66079#0/1 45 0 45 0
HWI-ST183_0204:4:5:4759:66079#0/2 45 0 45 0
HWI-ST183_0204:4:26:10472:63853#0/1 45 0 45 0
HWI-ST183_0204:4:26:10472:63853#0/2 45 0 45 0
HWI-ST183_0204:4:2:20923:197963#0/1 45 0 45 0
HWI-ST183_0204:4:2:20923:197963#0/2 45 0 45 0
HWI-ST183_0204:4:46:18850:66015#0/1 42 0 42 3
HWI-ST183_0204:4:46:18850:66015#0/2 45 0 45 0
HWI-ST183_0204:4:42:18580:145253#0/1 45 0 45 0
HWI-ST183_0204:4:42:18580:145253#0/2 45 0 45 0
HWI-ST183_0204:4:3:15713:146535#0/1 45 0 45 0
HWI-ST183_0204:4:3:15713:146535#0/2 28 0 28 17
HWI-ST183_0204:4:4:10745:171861#0/1 45 0 45 0
HWI-ST183_0204:4:4:10745:171861#0/2 45 0 45 0
HWI-ST183_0204:4:46:8581:136993#0/1 42 0 42 3
HWI-ST183_0204:4:46:8581:136993#0/2 45 0 45 0
HWI-ST183_0204:4:47:13320:157177#0/1 45 0 45 0
HWI-ST183_0204:4:47:13320:157177#0/2 45 0 45 0
HWI-ST183_0204:4:44:7933:45039#0/1 45 0 45 0
HWI-ST183_0204:4:44:7933:45039#0/2 0 0 0 0
HWI-ST183_0204:4:23:17330:163154#0/1 45 0 45 0
HWI-ST183_0204:4:23:17330:163154#0/2 45 0 45 0
HWI-ST183_0204:4:5:13783:165003#0/1 45 0 45 0
HWI-ST183_0204:4:5:13783:165003#0/2 44 0 44 1
HWI-ST183_0204:4:25:5973:198365#0/1 45 0 45 0
HWI-ST183_0204:4:25:5973:198365#0/2 45 0 45 0
HWI-ST183_0204:4:21:5236:48056#0/1 45 0 45 0
HWI-ST183_0204:4:21:5236:48056#0/2 45 0 45 0
HWI-ST183_0204:4:42:19904:164486#0/1 45 0 45 0
HWI-ST183_0204:4:42:19904:164486#0/2 45 0 45 0
HWI-ST183_0204:4:26:16709:40683#0/1 45 0 45 0
HWI-ST183_0204:4:26:16709:40683#0/2 45 0 45 0
HWI-ST183_0204:4:26:17827:22712#0/1 45 0 45 0
HWI-ST183_0204:4:26:17827:22712#0/2 45 0 45 0
HWI-ST183_0204:4:61:4145:85475#0/1 45 0 45 0
HWI-ST183_0204:4:61:4145:85475#0/2 45 0 45 0
HWI-ST183_0204:4:3:5457:31746#0/1 45 0 45 0
HWI-ST183_0204:4:3:5457:31746#0/2 33 0 33 12
HWI-ST183_0204:4:45:12855:14671#0/1 45 0 45 0
HWI-ST183_0204:4:45:12855:14671#0/2 0 0 0 0
HWI-ST183_0204:4:46:17449:29655#0/1 45 0 45 0
HWI-ST183_0204:4:46:17449:29655#0/2 45 0 45 0
HWI-ST183_0204:4:48:12207:91636#0/1 45 0 45 0
HWI-ST183_0204:4:48:12207:91636#0/2 0 0 0 0
HWI-ST183_0204:4:8:10300:155392#0/1 45 0 45 0
HWI-ST183_0204:4:8:10300:155392#0/2 44 0 44 1
HWI-ST183_0204:4:24:2516:27947#0/1 45 0 45 0
HWI-ST183_0204:4:24:2516:27947#0/2 39 0 39 6
HWI-ST183_0204:4:27:9075:148600#0/1 45 0 45 0
HWI-ST183_0204:4:27:9075:148600#0/2 45 0 45 0
HWI-ST183_0204:4:44:10237:118673#0/1 45 0 45 0
HWI-ST183_0204:4:44:10237:118673#0/2 45 0 45 0
HWI-ST183_0204:4:63:1699:145794#0/1 45 0 45 0
HWI-ST183_0204:4:63:1699:145794#0/2 38 0 38 7
HWI-ST183_0204:4:2:12085:17142#0/1 45 0 45 0
HWI-ST183_0204:4:2:12085:17142#0/2 45 0 45 0
HWI-ST183_0204:4:24:5153:66812#0/1 45 0 45 0
HWI-ST183_0204:4:24:5153:66812#0/2 34 0 34 11
HWI-ST183_0204:4:21:5616:101544#0/1 45 0 45 0
HWI-ST183_0204:4:21:5616:101544#0/2 45 0 45 0
HWI-ST183_0204:4:8:15299:91699#0/1 45 0 45 0
HWI-ST183_0204:4:8:15299:91699#0/2 45 0 45 0
HWI-ST183_0204:4:68:6850:52485#0/1 45 0 45 0
HWI-ST183_0204:4:68:6850:52485#0/2 45 0 45 0
HWI-ST183_0204:4:41:13226:103123#0/1 45 0 45 0
HWI-ST183_0204:4:41:13226:103123#0/2 45 0 45 0
HWI-ST183_0204:4:61:20567:115733#0/1 45 0 45 0
HWI-ST183_0204:4:61:20567:115733#0/2 25 0 25 20
HWI-ST183_0204:4:24:3865:176166#0/1 45 0 45 0
HWI-ST183_0204:4:24:3865:176166#0/2 45 0 45 0
HWI-ST183_0204:4:41:13952:50624#0/1 45 0 45 0
HWI-ST183_0204:4:41:13952:50624#0/2 45 0 45 0
HWI-ST183_0204:4:61:16405:80807#0/1 45 0 45 0
HWI-ST183_0204:4:61:16405:80807#0/2 43 0 43 2
HWI-ST183_0204:4:27:19210:188357#0/1 0 0 0 0
HWI-ST183_0204:4:27:19210:188357#0/2 23 0 23 22
HWI-ST183_0204:4:1:20984:195687#0/1 45 0 45 0
HWI-ST183_0204:4:1:20984:195687#0/2 45 0 45 0
HWI-ST183_0204:4:62:8016:72139#0/1 45 0 45 0
HWI-ST183_0204:4:62:8016:72139#0/2 44 0 44 1
HWI-ST183_0204:4:23:20336:57403#0/1 45 0 45 0
HWI-ST183_0204:4:23:20336:57403#0/2 29 0 29 16
HWI-ST183_0204:4:6:15794:47626#0/1 45 0 45 0
HWI-ST183_0204:4:6:15794:47626#0/2 45 0 45 0
HWI-ST183_0204:4:22:3197:7979#0/1 45 0 45 0
HWI-ST183_0204:4:22:3197:7979#0/2 32 0 32 13
HWI-ST183_0204:4:5:7564:11729#0/1 45 0 45 0
HWI-ST183_0204:4:5:7564:11729#0/2 45 0 45 0
HWI-ST183_0204:4:21:16807:78285#0/1 45 0 45 0
HWI-ST183_0204:4:21:16807:78285#0/2 34 0 34 11
HWI-ST183_0204:4:5:5551:138585#0/1 34 0 34 11
HWI-ST183_0204:4:5:5551:138585#0/2 45 0 45 0
HWI-ST183_0204:4:46:12041:138575#0/1 45 0 45 0
HWI-ST183_0204:4:46:12041:138575#0/2 45 0 45 0
HWI-ST183_0204:4:48:13801:167466#0/1 45 0 45 0
HWI-ST183_0204:4:48:13801:167466#0/2 0 0 0 0
HWI-ST183_0204:4:24:10605:41756#0/1 45 0 45 0
HWI-ST183_0204:4:24:10605:41756#0/2 45 0 45 0
HWI-ST183_0204:4:47:1339:163069#0/1 45 0 45 0
HWI-ST183_0204:4:47:1339:163069#0/2 38 0 38 7
HWI-ST183_0204:4:6:17099:149550#0/1 45 0 45 0
HWI-ST183_0204:4:6:17099:149550#0/2 36 0 36 9
HWI-ST183_0204:4:62:13690:196328#0/1 45 0 45 0
HWI-ST183_0204:4:62:13690:196328#0/2 45 0 45 0
HWI-ST183_0204:4:27:16273:19024#0/1 45 0 45 0
HWI-ST183_0204:4:27:16273:19024#0/2 45 0 45 0
HWI-ST183_0204:4:42:19606:142544#0/1 45 0 45 0
HWI-ST183_0204:4:42:19606:142544#0/2 37 0 37 8
HWI-ST183_0204:4:5:11476:33650#0/1 45 0 45 0
HWI-ST183_0204:4:5:11476:33650#0/2 45 0 45 0
HWI-ST183_0204:4:62:7807:85855#0/1 45 0 45 0
HWI-ST183_0204:4:62:7807:85855#0/2 44 0 44 1
HWI-ST183_0204:4:4:17532:109733#0/1 45 0 45 0
HWI-ST183_0204:4:4:17532:109733#0/2 45 0 45 0
HWI-ST183_0204:4:47:2464:122396#0/1 0 0 0 0
HWI-ST183_0204:4:47:2464:122396#0/2 0 0 0 0
HWI-ST183_0204:4:22:10130:59851#0/1 45 0 45 0
HWI-ST183_0204:4:22:10130:59851#0/2 45 0 45 0
HWI-ST183_0204:4:46:19118:11025#0/1 45 0 45 0
HWI-ST183_0204:4:46:19118:11025#0/2 0 0 0 0
HWI-ST183_0204:4:21:1907:63193#0/1 45 0 45 0
HWI-ST183_0204:4:21:1907:63193#0/2 45 0 45 0
HWI-ST183_0204:4:25:5419:49783#0/1 45 0 45 0
HWI-ST183_0204:4:25:5419:49783#0/2 45 0 45 0
HWI-ST183_0204:4:23:7557:184350#0/1 45 0 45 0
HWI-ST183_0204:4:23:7557:184350#0/2 45 0 45 0
HWI-ST183_0204:4:21:17300:47000#0/1 45 0 45 0
HWI-ST183_0204:4:21:17300:47000#0/2 45 0 45 0
HWI-ST183_0204:4:67:8562:189115#0/1 45 0 45 0
HWI-ST183_0204:4:67:8562:189115#0/2 45 0 45 0
HWI-ST183_0204:4:44:3330:108879#0/1 45 0 45 0
HWI-ST183_0204:4:44:3330:108879#0/2 45 0 45 0
HWI-ST183_0204:4:23:2405:32851#0/1 45 0 45 0
HWI-ST183_0204:4:23:2405:32851#0/2 45 0 45 0
HWI-ST183_0204:4:67:19558:2046#0/1 45 0 45 0
HWI-ST183_0204:4:67:19558:2046#0/2 45 0 45 0
HWI-ST183_0204:4:3:19361:28157#0/1 45 0 45 0
HWI-ST183_0204:4:3:19361:28157#0/2 45 0 45 0
HWI-ST183_0204:4:64:13058:146932#0/1 45 0 45 0
HWI-ST183_0204:4:64:13058:146932#0/2 45 0 45 0
HWI-ST183_0204:4:68:1487:80929#0/1 43 0 43 2
HWI-ST183_0204:4:68:1487:80929#0/2 44 0 44 1
HWI-ST183_0204:4:4:9754:165746#0/1 45 0 45 0
HWI-ST183_0204:4:4:9754:165746#0/2 45 0 45 0
HWI-ST183_0204:4:46:9294:82163#0/1 39 0 39 6
HWI-ST183_0204:4:46:9294:82163#0/2 36 0 36 9
HWI-ST183_0204:4:68:8466:166528#0/1 45 0 45 0
HWI-ST183_0204:4:68:8466:166528#0/2 0 0 0 0
HWI-ST183_0204:4:65:14574:144957#0/1 45 0 45 0
HWI-ST183_0204:4:65:14574:144957#0/2 45 0 45 0
HWI-ST183_0204:4:67:2334:39708#0/1 28 0 28 17
HWI-ST183_0204:4:67:2334:39708#0/2 0 0 0 0
HWI-ST183_0204:4:26:17447:51117#0/1 45 0 45 0
HWI-ST183_0204:4:26:17447:51117#0/2 45 0 45 0
HWI-ST183_0204:4:61:10023:18486#0/1 45 0 45 0
HWI-ST183_0204:4:61:10023:18486#0/2 0 0 0 0
HWI-ST183_0204:4:48:6867:25489#0/1 45 0 45 0
HWI-ST183_0204:4:48:6867:25489#0/2 0 0 0 0
HWI-ST183_0204:4:21:13949:191359#0/1 0 0 0 0
HWI-ST183_0204:4:21:13949:191359#0/2 39 0 39 6
HWI-ST183_0204:4:46:3077:145853#0/1 45 0 45 0
HWI-ST183_0204:4:46:3077:145853#0/2 45 0 45 0
HWI-ST183_0204:4:46:18951:70429#0/1 45 0 45 0
HWI-ST183_0204:4:46:18951:70429#0/2 45 0 45 0
HWI-ST183_0204:4:8:6255:104611#0/1 45 0 45 0
HWI-ST183_0204:4:8:6255:104611#0/2 45 0 45 0
HWI-ST183_0204:4:24:9188:76148#0/1 45 0 45 0
HWI-ST183_0204:4:24:9188:76148#0/2 44 0 44 1
HWI-ST183_0204:4:27:20564:32331#0/1 45 0 45 0
HWI-ST183_0204:4:27:20564:32331#0/2 45 0 45 0
HWI-ST183_0204:4:61:18330:60618#0/1 45 0 45 0
HWI-ST183_0204:4:61:18330:60618#0/2 43 0 43 2
HWI-ST183_0204:4:1:4267:80612#0/1 45 0 45 0
HWI-ST183_0204:4:1:4267:80612#0/2 45 0 45 0
HWI-ST183_0204:4:46:7699:167232#0/1 23 0 23 22
HWI-ST183_0204:4:46:7699:167232#0/2 0 0 0 0
HWI-ST183_0204:4:2:14716:145946#0/1 44 0 44 1
HWI-ST183_0204:4:2:14716:145946#0/2 45 0 45 0
HWI-ST183_0204:4:41:7879:84048#0/1 45 0 45 0
HWI-ST183_0204:4:41:7879:84048#0/2 45 0 45 0
HWI-ST183_0204:4:65:8128:145459#0/1 45 0 45 0
HWI-ST183_0204:4:65:8128:145459#0/2 45 0 45 0
HWI-ST183_0204:4:61:19114:173214#0/1 45 0 45 0
HWI-ST183_0204:4:61:19114:173214#0/2 45 0 45 0
HWI-ST183_0204:4:21:13389:178491#0/1 45 0 45 0
HWI-ST183_0204:4:21:13389:178491#0/2 38 0 38 7
HWI-ST183_0204:4:21:14405:116158#0/1 0 0 0 0
HWI-ST183_0204:4:21:14405:116158#0/2 45 0 45 0
HWI-ST183_0204:4:62:18758:172001#0/1 45 0 45 0
HWI-ST183_0204:4:62:18758:172001#0/2 22 0 22 23
HWI-ST183_0204:4:41:2089:153378#0/1 28 0 28 17
HWI-ST183_0204:4:41:2089:153378#0/2 0 0 0 0
HWI-ST183_0204:4:44:13554:49618#0/1 45 0 45 0
HWI-ST183_0204:4:44:13554:49618#0/2 45 0 45 0
HWI-ST183_0204:4:45:17216:46510#0/1 33 0 33 12
HWI-ST183_0204:4:45:17216:46510#0/2 45 0 45 0
HWI-ST183_0204:4:48:13736:20858#0/1 45 0 45 0
HWI-ST183_0204:4:48:13736:20858#0/2 0 0 0 0
HWI-ST183_0204:4:26:13639:165370#0/1 45 0 45 0
HWI-ST183_0204:4:26:13639:165370#0/2 45 0 45 0
HWI-ST183_0204:4:63:14901:153345#0/1 45 0 45 0
HWI-ST183_0204:4:63:14901:153345#0/2 0 0 0 0
HWI-ST183_0204:4:2:2199:37575#0/1 30 0 30 15
HWI-ST183_0204:4:2:2199:37575#0/2 21 0 21 24
HWI-ST183_0204:4:22:14779:15210#0/1 29 0 29 16
HWI-ST183_0204:4:22:14779:15210#0/2 34 0 34 11
HWI-ST183_0204:4:23:14204:25594#0/1 44 0 44 1
HWI-ST183_0204:4:23:14204:25594#0/2 0 0 0 0
HWI-ST183_0204:4:6:3958:51725#0/1 34 0 34 11
HWI-ST183_0204:4:6:3958:51725#0/2 34 0 34 11
HWI-ST183_0204:4:45:17948:56722#0/1 45 0 45 0
HWI-ST183_0204:4:45:17948:56722#0/2 45 0 45 0
HWI-ST183_0204:4:22:6402:64869#0/1 45 0 45 0
HWI-ST183_0204:4:22:6402:64869#0/2 45 0 45 0
HWI-ST183_0204:4:67:13955:106987#0/1 45 0 45 0
HWI-ST183_0204:4:67:13955:106987#0/2 45 0 45 0
HWI-ST183_0204:4:8:9046:30268#0/1 45 0 45 0
HWI-ST183_0204:4:8:9046:30268#0/2 45 0 45 0
HWI-ST183_0204:4:63:15961:54687#0/1 45 0 45 0
HWI-ST183_0204:4:63:15961:54687#0/2 45 0 45 0
HWI-ST183_0204:4:66:14094:99896#0/1 45 0 45 0
HWI-ST183_0204:4:66:14094:99896#0/2 0 0 0 0
HWI-ST183_0204:4:24:13770:8923#0/1 45 0 45 0
HWI-ST183_0204:4:24:13770:8923#0/2 45 0 45 0
HWI-ST183_0204:4:4:4233:106582#0/1 45 0 45 0
HWI-ST183_0204:4:4:4233:106582#0/2 45 0 45 0
HWI-ST183_0204:4:41:8359:3335#0/1 45 0 45 0
HWI-ST183_0204:4:41:8359:3335#0/2 45 0 45 0
HWI-ST183_0204:4:6:10708:45767#0/1 34 0 34 11
HWI-ST183_0204:4:6:10708:45767#0/2 0 0 0 0
HWI-ST183_0204:4:62:20890:16139#0/1 45 0 45 0
HWI-ST183_0204:4:62:20890:16139#0/2 43 0 43 2
HWI-ST183_0204:4:23:12695:44294#0/1 45 0 45 0
HWI-ST183_0204:4:23:12695:44294#0/2 45 0 45 0
HWI-ST183_0204:4:2:2732:108403#0/1 45 0 45 0
HWI-ST183_0204:4:2:2732:108403#0/2 34 0 34 11
HWI-ST183_0204:4:44:6206:61816#0/1 45 0 45 0
HWI-ST183_0204:4:44:6206:61816#0/2 39 0 39 6
HWI-ST183_0204:4:61:12919:171267#0/1 45 0 45 0
HWI-ST183_0204:4:61:12919:171267#0/2 45 0 45 0
HWI-ST183_0204:4:6:19065:62625#0/1 45 0 45 0
HWI-ST183_0204:4:6:19065:62625#0/2 45 0 45 0
HWI-ST183_0204:4:3:15929:26963#0/1 45 0 45 0
HWI-ST183_0204:4:3:15929:26963#0/2 45 0 45 0
HWI-ST183_0204:4:63:18406:20802#0/1 45 0 45 0
HWI-ST183_0204:4:63:18406:20802#0/2 45 0 45 0
HWI-ST183_0204:4:67:6632:134204#0/1 45 0 45 0
HWI-ST183_0204:4:67:6632:134204#0/2 38 0 38 7
HWI-ST183_0204:4:67:9126:34378#0/1 45 0 45 0
HWI-ST183_0204:4:67:9126:34378#0/2 45 0 45 0
HWI-ST183_0204:4:26:2299:96091#0/1 45 0 45 0
HWI-ST183_0204:4:26:2299:96091#0/2 45 0 45 0
HWI-ST183_0204:4:43:10954:165313#0/1 45 0 45 0
HWI-ST183_0204:4:43:10954:165313#0/2 45 0 45 0
HWI-ST183_0204:4:63:12688:10138#0/1 45 0 45 0
HWI-ST183_0204:4:63:12688:10138#0/2 45 0 45 0
HWI-ST183_0204:4:23:11947:39316#0/1 45 0 45 0
HWI-ST183_0204:4:23:11947:39316#0/2 45 0 45 0
HWI-ST183_0204:4:5:12092:198004#0/1 45 0 45 0
HWI-ST183_0204:4:5:12092:198004#0/2 45 0 45 0
HWI-ST183_0204:4:62:18710:59622#0/1 45 0 45 0
HWI-ST183_0204:4:62:18710:59622#0/2 45 0 45 0
HWI-ST183_0204:4:22:18821:107085#0/1 45 0 45 0
HWI-ST183_0204:4:22:18821:107085#0/2 45 0 45 0
HWI-ST183_0204:4:66:1692:173013#0/1 39 0 39 6
HWI-ST183_0204:4:66:1692:173013#0/2 45 0 45 0
HWI-ST183_0204:4:66:2101:199037#0/1 0 0 0 0
HWI-ST183_0204:4:66:2101:199037#0/2 37 0 37 8
HWI-ST183_0204:4:64:19834:171336#0/1 45 0 45 0
HWI-ST183_0204:4:64:19834:171336#0/2 45 0 45 0
HWI-ST183_0204:4:5:18665:65970#0/1 45 0 45 0
HWI-ST183_0204:4:5:18665:65970#0/2 45 0 45 0
HWI-ST183_0204:4:6:6349:185031#0/1 45 0 45 0
HWI-ST183_0204:4:6:6349:185031#0/2 45 0 45 0
HWI-ST183_0204:4:61:18241:140915#0/1 45 0 45 0
HWI-ST183_0204:4:61:18241:140915#0/2 27 0 27 18
HWI-ST183_0204:4:22:19317:86823#0/1 45 0 45 0
HWI-ST183_0204:4:22:19317:86823#0/2 45 0 45 0
HWI-ST183_0204:4:65:6078:59737#0/1 45 0 45 0
HWI-ST183_0204:4:65:6078:59737#0/2 45 0 45 0
HWI-ST183_0204:4:63:15085:175598#0/1 42 0 42 3
HWI-ST183_0204:4:63:15085:175598#0/2 45 0 45 0
HWI-ST183_0204:4:67:4049:110470#0/1 45 0 45 0
HWI-ST183_0204:4:67:4049:110470#0/2 45 0 45 0
HWI-ST183_0204:4:23:3440:112488#0/1 45 0 45 0
HWI-ST183_0204:4:23:3440:112488#0/2 45 0 45 0
HWI-ST183_0204:4:68:4544:190160#0/1 39 0 39 6
HWI-ST183_0204:4:68:4544:190160#0/2 45 0 45 0
HWI-ST183_0204:4:25:3741:30074#0/1 45 0 45 0
HWI-ST183_0204:4:25:3741:30074#0/2 45 0 45 0
HWI-ST183_0204:4:62:12704:192292#0/1 45 0 45 0
HWI-ST183_0204:4:62:12704:192292#0/2 44 0 44 1
HWI-ST183_0204:4:64:11324:178691#0/1 45 0 45 0
HWI-ST183_0204:4:64:11324:178691#0/2 45 0 45 0
HWI-ST183_0204:4:24:3906:138940#0/1 45 0 45 0
HWI-ST183_0204:4:24:3906:138940#0/2 41 0 41 4
HWI-ST183_0204:4:41:20891:11910#0/1 45 0 45 0
HWI-ST183_0204:4:41:20891:11910#0/2 0 0 0 0
HWI-ST183_0204:4:65:1661:72188#0/1 34 0 34 11
HWI-ST183_0204:4:65:1661:72188#0/2 45 0 45 0
HWI-ST183_0204:4:22:12552:197453#0/1 45 0 45 0
HWI-ST183_0204:4:22:12552:197453#0/2 45 0 45 0
HWI-ST183_0204:4:26:3889:149083#0/1 45 0 45 0
HWI-ST183_0204:4:26:3889:149083#0/2 28 0 28 17
HWI-ST183_0204:4:62:13595:18606#0/1 45 0 45 0
HWI-ST183_0204:4:62:13595:18606#0/2 45 0 45 0
HWI-ST183_0204:4:43:18808:136647#0/1 45 0 45 0
HWI-ST183_0204:4:43:18808:136647#0/2 45 0 45 0
HWI-ST183_0204:4:64:15715:163842#0/1 45 0 45 0
HWI-ST183_0204:4:64:15715:163842#0/2 45 0 45 0
HWI-ST183_0204:4:63:13653:7356#0/1 45 0 45 0
HWI-ST183_0204:4:63:13653:7356#0/2 45 0 45 0
HWI-ST183_0204:4:64:13345:43101#0/1 45 0 45 0
HWI-ST183_0204:4:64:13345:43101#0/2 45 0 45 0
HWI-ST183_0204:4:25:6021:117090#0/1 45 0 45 0
HWI-ST183_0204:4:25:6021:117090#0/2 45 0 45 0
HWI-ST183_0204:4:22:6939:15849#0/1 45 0 45 0
HWI-ST183_0204:4:22:6939:15849#0/2 45 0 45 0
HWI-ST183_0204:4:65:8723:25164#0/1 45 0 45 0
HWI-ST183_0204:4:65:8723:25164#0/2 45 0 45 0
HWI-ST183_0204:4:22:13640:102843#0/1 45 0 45 0
HWI-ST183_0204:4:22:13640:102843#0/2 45 0 45 0
HWI-ST183_0204:4:4:17447:185374#0/1 45 0 45 0
HWI-ST183_0204:4:4:17447:185374#0/2 45 0 45 0
HWI-ST183_0204:4:42:16537:166587#0/1 45 0 45 0
HWI-ST183_0204:4:42:16537:166587#0/2 45 0 45 0
HWI-ST183_0204:4:43:1359:87518#0/1 24 0 24 21
HWI-ST183_0204:4:43:1359:87518#0/2 23 0 23 22
HWI-ST183_0204:4:63:10562:94439#0/1 45 0 45 0
HWI-ST183_0204:4:63:10562:94439#0/2 24 0 24 21
HWI-ST183_0204:4:48:3192:57317#0/1 0 0 0 0
HWI-ST183_0204:4:48:3192:57317#0/2 0 0 0 0
HWI-ST183_0204:4:47:15312:121039#0/1 45 0 45 0
HWI-ST183_0204:4:47:15312:121039#0/2 45 0 45 0
HWI-ST183_0204:4:62:15982:19206#0/1 45 0 45 0
HWI-ST183_0204:4:62:15982:19206#0/2 45 0 45 0
HWI-ST183_0204:4:62:8059:173210#0/1 45 0 45 0
HWI-ST183_0204:4:62:8059:173210#0/2 45 0 45 0
HWI-ST183_0204:4:65:4765:89179#0/1 45 0 45 0
HWI-ST183_0204:4:65:4765:89179#0/2 45 0 45 0
HWI-ST183_0204:4:27:21104:196141#0/1 29 0 29 16
HWI-ST183_0204:4:27:21104:196141#0/2 26 0 26 19
HWI-ST183_0204:4:6:20711:180144#0/1 45 0 45 0
HWI-ST183_0204:4:6:20711:180144#0/2 45 0 45 0
HWI-ST183_0204:4:23:12992:108935#0/1 45 0 45 0
HWI-ST183_0204:4:23:12992:108935#0/2 45 0 45 0
HWI-ST183_0204:4:21:7367:55739#0/1 45 0 45 0
HWI-ST183_0204:4:21:7367:55739#0/2 45 0 45 0
HWI-ST183_0204:4:44:11621:151744#0/1 45 0 45 0
HWI-ST183_0204:4:44:11621:151744#0/2 45 0 45 0
HWI-ST183_0204:4:5:7662:89531#0/1 45 0 45 0
HWI-ST183_0204:4:5:7662:89531#0/2 45 0 45 0
HWI-ST183_0204:4:24:18197:154309#0/1 37 0 37 8
HWI-ST183_0204:4:24:18197:154309#0/2 33 0 33 12
HWI-ST183_0204:4:42:19699:33885#0/1 41 0 41 4
HWI-ST183_0204:4:42:19699:33885#0/2 45 0 45 0
HWI-ST183_0204:4:8:19357:107684#0/1 45 0 45 0
HWI-ST183_0204:4:8:19357:107684#0/2 0 0 0 0
HWI-ST183_0204:4:61:6694:130369#0/1 45 0 45 0
HWI-ST183_0204:4:61:6694:130369#0/2 44 0 44 1
HWI-ST183_0204:4:47:14746:177081#0/1 45 0 45 0
HWI-ST183_0204:4:47:14746:177081#0/2 45 0 45 0
HWI-ST183_0204:4:23:2567:147912#0/1 45 0 45 0
HWI-ST183_0204:4:23:2567:147912#0/2 45 0 45 0
HWI-ST183_0204:4:61:2979:71309#0/1 45 0 45 0
HWI-ST183_0204:4:61:2979:71309#0/2 45 0 45 0
HWI-ST183_0204:4:42:6943:155139#0/1 45 0 45 0
HWI-ST183_0204:4:42:6943:155139#0/2 0 0 0 0
HWI-ST183_0204:4:44:20517:127841#0/1 45 0 45 0
HWI-ST183_0204:4:44:20517:127841#0/2 0 0 0 0
HWI-ST183_0204:4:65:5183:159733#0/1 45 0 45 0
HWI-ST183_0204:4:65:5183:159733#0/2 45 0 45 0
HWI-ST183_0204:4:5:5440:13615#0/1 45 0 45 0
HWI-ST183_0204:4:5:5440:13615#0/2 45 0 45 0
HWI-ST183_0204:4:6:14210:76367#0/1 45 0 45 0
HWI-ST183_0204:4:6:14210:76367#0/2 45 0 45 0
HWI-ST183_0204:4:22:21283:8365#0/1 45 0 45 0
HWI-ST183_0204:4:22:21283:8365#0/2 26 0 26 19
HWI-ST183_0204:4:8:11556:156645#0/1 45 0 45 0
HWI-ST183_0204:4:8:11556:156645#0/2 45 0 45 0
HWI-ST183_0204:4:47:18586:78264#0/1 45 0 45 0
HWI-ST183_0204:4:47:18586:78264#0/2 0 0 0 0
HWI-ST183_0204:4:46:13256:200468#0/1 45 0 45 0
HWI-ST183_0204:4:46:13256:200468#0/2 45 0 45 0
HWI-ST183_0204:4:21:3076:137591#0/1 45 0 45 0
HWI-ST183_0204:4:21:3076:137591#0/2 41 0 41 4
HWI-ST183_0204:4:4:18534:164818#0/1 45 0 45 0
HWI-ST183_0204:4:4:18534:164818#0/2 45 0 45 0
HWI-ST183_0204:4:45:4373:131546#0/1 45 0 45 0
HWI-ST183_0204:4:45:4373:131546#0/2 45 0 45 0
HWI-ST183_0204:4:22:18663:124030#0/1 45 0 45 0
HWI-ST183_0204:4:22:18663:124030#0/2 45 0 45 0
HWI-ST183_0204:4:42:7826:192165#0/1 20 0 20 25
HWI-ST183_0204:4:42:7826:192165#0/2 37 0 37 8
HWI-ST183_0204:4:42:9690:19028#0/1 45 0 45 0
HWI-ST183_0204:4:42:9690:19028#0/2 44 0 44 1
HWI-ST183_0204:4:22:12850:12310#0/1 45 0 45 0
HWI-ST183_0204:4:22:12850:12310#0/2 45 0 45 0
HWI-ST183_0204:4:66:12723:110965#0/1 45 0 45 0
HWI-ST183_0204:4:66:12723:110965#0/2 45 0 45 0
HWI-ST183_0204:4:2:5032:10129#0/1 45 0 45 0
HWI-ST183_0204:4:2:5032:10129#0/2 45 0 45 0
HWI-ST183_0204:4:21:18050:191047#0/1 30 0 30 15
HWI-ST183_0204:4:21:18050:191047#0/2 0 0 0 0
HWI-ST183_0204:4:62:12636:100236#0/1 45 0 45 0
HWI-ST183_0204:4:62:12636:100236#0/2 44 0 44 1
HWI-ST183_0204:4:5:11072:37309#0/1 45 0 45 0
HWI-ST183_0204:4:5:11072:37309#0/2 45 0 45 0
HWI-ST183_0204:4:67:8069:126686#0/1 45 0 45 0
HWI-ST183_0204:4:67:8069:126686#0/2 45 0 45 0
HWI-ST183_0204:4:67:6927:11810#0/1 45 0 45 0
HWI-ST183_0204:4:67:6927:11810#0/2 45 0 45 0
HWI-ST183_0204:4:4:4159:71672#0/1 45 0 45 0
HWI-ST183_0204:4:4:4159:71672#0/2 43 0 43 2
HWI-ST183_0204:4:42:17647:59525#0/1 45 0 45 0
HWI-ST183_0204:4:42:17647:59525#0/2 45 0 45 0
HWI-ST183_0204:4:41:18564:31858#0/1 45 0 45 0
HWI-ST183_0204:4:41:18564:31858#0/2 45 0 45 0
HWI-ST183_0204:4:42:21202:9341#0/1 23 0 23 22
HWI-ST183_0204:4:42:21202:9341#0/2 37 0 37 8
HWI-ST183_0204:4:26:12716:44834#0/1 45 0 45 0
HWI-ST183_0204:4:26:12716:44834#0/2 45 0 45 0
HWI-ST183_0204:4:5:20421:77663#0/1 45 0 45 0
HWI-ST183_0204:4:5:20421:77663#0/2 45 0 45 0
HWI-ST183_0204:4:65:3700:189852#0/1 45 0 45 0
HWI-ST183_0204:4:65:3700:189852#0/2 45 0 45 0
HWI-ST183_0204:4:61:7891:178305#0/1 45 0 45 0
HWI-ST183_0204:4:61:7891:178305#0/2 45 0 45 0
HWI-ST183_0204:4:21:10555:21108#0/1 45 0 45 0
HWI-ST183_0204:4:21:10555:21108#0/2 44 0 44 1
HWI-ST183_0204:4:25:13819:101181#0/1 45 0 45 0
HWI-ST183_0204:4:25:13819:101181#0/2 45 0 45 0
HWI-ST183_0204:4:27:12732:140205#0/1 45 0 45 0
HWI-ST183_0204:4:27:12732:140205#0/2 45 0 45 0
HWI-ST183_0204:4:62:13537:150137#0/1 45 0 45 0
HWI-ST183_0204:4:62:13537:150137#0/2 45 0 45 0
HWI-ST183_0204:4:26:5299:159211#0/1 45 0 45 0
HWI-ST183_0204:4:26:5299:159211#0/2 45 0 45 0
HWI-ST183_0204:4:43:10669:150190#0/1 45 0 45 0
HWI-ST183_0204:4:43:10669:150190#0/2 22 0 22 23
HWI-ST183_0204:4:42:16146:158910#0/1 42 0 42 3
HWI-ST183_0204:4:42:16146:158910#0/2 45 0 45 0
HWI-ST183_0204:4:23:11257:129507#0/1 45 0 45 0
HWI-ST183_0204:4:23:11257:129507#0/2 43 0 43 2
HWI-ST183_0204:4:8:8621:170030#0/1 45 0 45 0
HWI-ST183_0204:4:8:8621:170030#0/2 45 0 45 0
HWI-ST183_0204:4:5:9221:119863#0/1 45 0 45 0
HWI-ST183_0204:4:5:9221:119863#0/2 45 0 45 0
HWI-ST183_0204:4:21:5459:170334#0/1 44 0 44 1
HWI-ST183_0204:4:21:5459:170334#0/2 38 0 38 7
HWI-ST183_0204:4:63:8207:116394#0/1 45 0 45 0
HWI-ST183_0204:4:63:8207:116394#0/2 34 0 34 11
HWI-ST183_0204:4:27:1703:44356#0/1 24 0 24 21
HWI-ST183_0204:4:27:1703:44356#0/2 0 0 0 0
HWI-ST183_0204:4:21:9543:113879#0/1 45 0 45 0
HWI-ST183_0204:4:21:9543:113879#0/2 45 0 45 0
HWI-ST183_0204:4:27:8810:200254#0/1 45 0 45 0
HWI-ST183_0204:4:27:8810:200254#0/2 45 0 45 0
HWI-ST183_0204:4:26:17159:38860#0/1 45 0 45 0
HWI-ST183_0204:4:26:17159:38860#0/2 45 0 45 0
HWI-ST183_0204:4:65:19545:109294#0/1 45 0 45 0
HWI-ST183_0204:4:65:19545:109294#0/2 45 0 45 0
HWI-ST183_0204:4:45:13875:12188#0/1 45 0 45 0
HWI-ST183_0204:4:45:13875:12188#0/2 45 0 45 0
HWI-ST183_0204:4:63:12938:47278#0/1 45 0 45 0
HWI-ST183_0204:4:63:12938:47278#0/2 45 0 45 0
HWI-ST183_0204:4:2:11637:13540#0/1 45 0 45 0
HWI-ST183_0204:4:2:11637:13540#0/2 45 0 45 0
HWI-ST183_0204:4:27:16660:102326#0/1 0 0 0 0
HWI-ST183_0204:4:27:16660:102326#0/2 0 0 0 0
HWI-ST183_0204:4:47:20888:35783#0/1 45 0 45 0
HWI-ST183_0204:4:47:20888:35783#0/2 45 0 45 0
HWI-ST183_0204:4:44:5049:91168#0/1 45 0 45 0
HWI-ST183_0204:4:44:5049:91168#0/2 45 0 45 0
HWI-ST183_0204:4:21:10687:107979#0/1 45 0 45 0
HWI-ST183_0204:4:21:10687:107979#0/2 0 0 0 0
HWI-ST183_0204:4:44:14490:132064#0/1 45 0 45 0
HWI-ST183_0204:4:44:14490:132064#0/2 0 0 0 0
HWI-ST183_0204:4:68:17219:118879#0/1 45 0 45 0
HWI-ST183_0204:4:68:17219:118879#0/2 39 0 39 6
HWI-ST183_0204:4:3:6303:128513#0/1 45 0 45 0
HWI-ST183_0204:4:3:6303:128513#0/2 0 0 0 0
HWI-ST183_0204:4:43:16444:144424#0/1 34 0 34 11
HWI-ST183_0204:4:43:16444:144424#0/2 34 0 34 11
HWI-ST183_0204:4:48:2847:80396#0/1 42 0 42 3
HWI-ST183_0204:4:48:2847:80396#0/2 0 0 0 0
HWI-ST183_0204:4:62:2004:11545#0/1 45 0 45 0
HWI-ST183_0204:4:62:2004:11545#0/2 45 0 45 0
HWI-ST183_0204:4:44:17472:108350#0/1 24 0 24 21
HWI-ST183_0204:4:44:17472:108350#0/2 45 0 45 0
HWI-ST183_0204:4:62:14797:30415#0/1 45 0 45 0
HWI-ST183_0204:4:62:14797:30415#0/2 45 0 45 0
HWI-ST183_0204:4:48:19055:51258#0/1 45 0 45 0
HWI-ST183_0204:4:48:19055:51258#0/2 0 0 0 0
HWI-ST183_0204:4:62:18676:34712#0/1 45 0 45 0
HWI-ST183_0204:4:62:18676:34712#0/2 45 0 45 0
HWI-ST183_0204:4:68:7079:56427#0/1 45 0 45 0
HWI-ST183_0204:4:68:7079:56427#0/2 0 0 0 0
HWI-ST183_0204:4:4:18814:17547#0/1 45 0 45 0
HWI-ST183_0204:4:4:18814:17547#0/2 0 0 0 0
HWI-ST183_0204:4:48:15254:17952#0/1 45 0 45 0
HWI-ST183_0204:4:48:15254:17952#0/2 0 0 0 0
HWI-ST183_0204:4:65:10838:199634#0/1 45 0 45 0
HWI-ST183_0204:4:65:10838:199634#0/2 0 0 0 0
HWI-ST183_0204:4:68:3427:143138#0/1 45 0 45 0
HWI-ST183_0204:4:68:3427:143138#0/2 45 0 45 0
HWI-ST183_0204:4:47:10283:98091#0/1 45 0 45 0
HWI-ST183_0204:4:47:10283:98091#0/2 45 0 45 0
HWI-ST183_0204:4:65:5055:9900#0/1 45 0 45 0
HWI-ST183_0204:4:65:5055:9900#0/2 45 0 45 0
HWI-ST183_0204:4:64:11228:112420#0/1 0 0 0 0
HWI-ST183_0204:4:64:11228:112420#0/2 28 0 28 17
HWI-ST183_0204:4:45:16095:68256#0/1 45 0 45 0
HWI-ST183_0204:4:45:16095:68256#0/2 45 0 45 0
HWI-ST183_0204:4:42:14693:82336#0/1 45 0 45 0
HWI-ST183_0204:4:42:14693:82336#0/2 45 0 45 0
HWI-ST183_0204:4:61:3719:150116#0/1 45 0 45 0
HWI-ST183_0204:4:61:3719:150116#0/2 28 0 28 17
HWI-ST183_0204:4:23:16699:66344#0/1 45 0 45 0
HWI-ST183_0204:4:23:16699:66344#0/2 45 0 45 0
HWI-ST183_0204:4:44:7079:52431#0/1 45 0 45 0
HWI-ST183_0204:4:44:7079:52431#0/2 45 0 45 0
HWI-ST183_0204:4:8:5297:178673#0/1 45 0 45 0
HWI-ST183_0204:4:8:5297:178673#0/2 45 0 45 0
HWI-ST183_0204:4:1:16562:157836#0/1 45 0 45 0
HWI-ST183_0204:4:1:16562:157836#0/2 45 0 45 0
HWI-ST183_0204:4:44:17422:27522#0/1 45 0 45 0
HWI-ST183_0204:4:44:17422:27522#0/2 45 0 45 0
HWI-ST183_0204:4:62:10410:39401#0/1 39 0 39 6
HWI-ST183_0204:4:62:10410:39401#0/2 29 0 29 16
HWI-ST183_0204:4:43:12883:154700#0/1 45 0 45 0
HWI-ST183_0204:4:43:12883:154700#0/2 45 0 45 0
HWI-ST183_0204:4:46:16010:87649#0/1 43 0 43 2
HWI-ST183_0204:4:46:16010:87649#0/2 45 0 45 0
HWI-ST183_0204:4:62:15720:87471#0/1 45 0 45 0
HWI-ST183_0204:4:62:15720:87471#0/2 45 0 45 0
HWI-ST183_0204:4:6:9277:123720#0/1 45 0 45 0
HWI-ST183_0204:4:6:9277:123720#0/2 45 0 45 0
HWI-ST183_0204:4:24:19458:61864#0/1 45 0 45 0
HWI-ST183_0204:4:24:19458:61864#0/2 45 0 45 0
HWI-ST183_0204:4:5:6806:40827#0/1 45 0 45 0
HWI-ST183_0204:4:5:6806:40827#0/2 45 0 45 0
HWI-ST183_0204:4:65:18044:97325#0/1 33 0 33 12
HWI-ST183_0204:4:65:18044:97325#0/2 0 0 0 0
HWI-ST183_0204:4:21:8008:136503#0/1 45 0 45 0
HWI-ST183_0204:4:21:8008:136503#0/2 0 0 0 0
HWI-ST183_0204:4:26:17781:127338#0/1 27 0 27 18
HWI-ST183_0204:4:26:17781:127338#0/2 27 0 27 18
HWI-ST183_0204:4:64:10359:72225#0/1 45 0 45 0
HWI-ST183_0204:4:64:10359:72225#0/2 45 0 45 0
HWI-ST183_0204:4:65:5573:113832#0/1 45 0 45 0
HWI-ST183_0204:4:65:5573:113832#0/2 0 0 0 0
HWI-ST183_0204:4:66:6151:30803#0/1 45 0 45 0
HWI-ST183_0204:4:66:6151:30803#0/2 45 0 45 0
HWI-ST183_0204:4:67:21165:57276#0/1 29 0 29 16
HWI-ST183_0204:4:67:21165:57276#0/2 39 0 39 6
HWI-ST183_0204:4:24:20143:174839#0/1 45 0 45 0
HWI-ST183_0204:4:24:20143:174839#0/2 0 0 0 0
HWI-ST183_0204:4:45:18052:182509#0/1 45 0 45 0
HWI-ST183_0204:4:45:18052:182509#0/2 45 0 45 0
HWI-ST183_0204:4:2:6604:19275#0/1 45 0 45 0
HWI-ST183_0204:4:2:6604:19275#0/2 45 0 45 0
HWI-ST183_0204:4:61:5728:171247#0/1 45 0 45 0
HWI-ST183_0204:4:61:5728:171247#0/2 45 0 45 0
HWI-ST183_0204:4:66:20352:174998#0/1 45 0 45 0
HWI-ST183_0204:4:66:20352:174998#0/2 45 0 45 0
HWI-ST183_0204:4:68:4097:32953#0/1 23 0 23 22
HWI-ST183_0204:4:68:4097:32953#0/2 0 0 0 0
HWI-ST183_0204:4:25:16723:97798#0/1 45 0 45 0
HWI-ST183_0204:4:25:16723:97798#0/2 45 0 45 0
HWI-ST183_0204:4:1:4116:28600#0/1 32 0 32 13
HWI-ST183_0204:4:1:4116:28600#0/2 41 0 41 4
HWI-ST183_0204:4:63:3137:195827#0/1 45 0 45 0
HWI-ST183_0204:4:63:3137:195827#0/2 34 0 34 11
HWI-ST183_0204:4:41:3321:120230#0/1 45 0 45 0
HWI-ST183_0204:4:41:3321:120230#0/2 32 0 32 13
HWI-ST183_0204:4:27:5690:37688#0/1 45 0 45 0
HWI-ST183_0204:4:27:5690:37688#0/2 45 0 45 0
HWI-ST183_0204:4:6:15711:55349#0/1 45 0 45 0
HWI-ST183_0204:4:6:15711:55349#0/2 45 0 45 0
HWI-ST183_0204:4:62:11388:185228#0/1 45 0 45 0
HWI-ST183_0204:4:62:11388:185228#0/2 45 0 45 0
HWI-ST183_0204:4:23:10043:137938#0/1 45 0 45 0
HWI-ST183_0204:4:23:10043:137938#0/2 33 0 33 12
HWI-ST183_0204:4:61:4677:171124#0/1 45 0 45 0
HWI-ST183_0204:4:61:4677:171124#0/2 45 0 45 0
HWI-ST183_0204:4:27:6452:29066#0/1 45 0 45 0
HWI-ST183_0204:4:27:6452:29066#0/2 45 0 45 0
HWI-ST183_0204:4:41:2394:62431#0/1 40 0 40 5
HWI-ST183_0204:4:41:2394:62431#0/2 0 0 0 0
HWI-ST183_0204:4:68:14175:121929#0/1 45 0 45 0
HWI-ST183_0204:4:68:14175:121929#0/2 45 0 45 0
HWI-ST183_0204:4:48:12291:144395#0/1 45 0 45 0
HWI-ST183_0204:4:48:12291:144395#0/2 0 0 0 0
HWI-ST183_0204:4:62:16969:75302#0/1 40 0 40 5
HWI-ST183_0204:4:62:16969:75302#0/2 33 0 33 12
HWI-ST183_0204:4:65:4471:136596#0/1 45 0 45 0
HWI-ST183_0204:4:65:4471:136596#0/2 45 0 45 0
HWI-ST183_0204:4:23:7231:68371#0/1 45 0 45 0
HWI-ST183_0204:4:23:7231:68371#0/2 45 0 45 0
HWI-ST183_0204:4:63:11243:196843#0/1 24 0 24 21
HWI-ST183_0204:4:63:11243:196843#0/2 29 0 29 16
HWI-ST183_0204:4:64:3377:32950#0/1 45 0 45 0
HWI-ST183_0204:4:64:3377:32950#0/2 45 0 45 0
HWI-ST183_0204:4:3:1901:178856#0/1 45 0 45 0
HWI-ST183_0204:4:3:1901:178856#0/2 45 0 45 0
HWI-ST183_0204:4:63:6348:190079#0/1 45 0 45 0
HWI-ST183_0204:4:63:6348:190079#0/2 39 0 39 6
HWI-ST183_0204:4:25:20182:85749#0/1 45 0 45 0
HWI-ST183_0204:4:25:20182:85749#0/2 28 0 28 17
HWI-ST183_0204:4:42:13048:116039#0/1 45 0 45 0
HWI-ST183_0204:4:42:13048:116039#0/2 45 0 45 0
HWI-ST183_0204:4:65:12662:39421#0/1 45 0 45 0
HWI-ST183_0204:4:65:12662:39421#0/2 45 0 45 0
HWI-ST183_0204:4:27:13268:142631#0/1 45 0 45 0
HWI-ST183_0204:4:27:13268:142631#0/2 45 0 45 0
HWI-ST183_0204:4:21:6425:86278#0/1 45 0 45 0
HWI-ST183_0204:4:21:6425:86278#0/2 39 0 39 6
HWI-ST183_0204:4:25:12274:37546#0/1 45 0 45 0
HWI-ST183_0204:4:25:12274:37546#0/2 45 0 45 0
HWI-ST183_0204:4:47:16718:104267#0/1 45 0 45 0
HWI-ST183_0204:4:47:16718:104267#0/2 45 0 45 0
HWI-ST183_0204:4:22:10537:127477#0/1 45 0 45 0
HWI-ST183_0204:4:22:10537:127477#0/2 27 0 27 18
HWI-ST183_0204:4:45:15446:135910#0/1 0 0 0 0
HWI-ST183_0204:4:45:15446:135910#0/2 0 0 0 0
HWI-ST183_0204:4:65:13456:55421#0/1 45 0 45 0
HWI-ST183_0204:4:65:13456:55421#0/2 45 0 45 0
HWI-ST183_0204:4:61:2536:50198#0/1 45 0 45 0
HWI-ST183_0204:4:61:2536:50198#0/2 45 0 45 0
HWI-ST183_0204:4:22:4997:73826#0/1 45 0 45 0
HWI-ST183_0204:4:22:4997:73826#0/2 39 0 39 6
HWI-ST183_0204:4:21:3971:19778#0/1 45 0 45 0
HWI-ST183_0204:4:21:3971:19778#0/2 24 0 24 21
HWI-ST183_0204:4:23:6369:184920#0/1 45 0 45 0
HWI-ST183_0204:4:23:6369:184920#0/2 38 0 38 7
HWI-ST183_0204:4:6:20328:35079#0/1 45 0 45 0
HWI-ST183_0204:4:6:20328:35079#0/2 45 0 45 0
HWI-ST183_0204:4:21:4845:47652#0/1 45 0 45 0
HWI-ST183_0204:4:21:4845:47652#0/2 45 0 45 0
HWI-ST183_0204:4:23:4922:141570#0/1 45 0 45 0
HWI-ST183_0204:4:23:4922:141570#0/2 0 0 0 0
HWI-ST183_0204:4:65:5058:123857#0/1 45 0 45 0
HWI-ST183_0204:4:65:5058:123857#0/2 45 0 45 0
HWI-ST183_0204:4:66:20530:25277#0/1 45 0 45 0
HWI-ST183_0204:4:66:20530:25277#0/2 45 0 45 0
HWI-ST183_0204:4:21:12814:14435#0/1 45 0 45 0
HWI-ST183_0204:4:21:12814:14435#0/2 0 0 0 0
HWI-ST183_0204:4:6:1718:139894#0/1 45 0 45 0
HWI-ST183_0204:4:6:1718:139894#0/2 45 0 45 0
HWI-ST183_0204:4:68:2490:3003#0/1 45 0 45 0
HWI-ST183_0204:4:68:2490:3003#0/2 33 0 33 12
HWI-ST183_0204:4:22:18197:196373#0/1 38 0 38 7
HWI-ST183_0204:4:22:18197:196373#0/2 45 0 45 0
HWI-ST183_0204:4:61:16114:111152#0/1 45 0 45 0
HWI-ST183_0204:4:61:16114:111152#0/2 38 0 38 7
HWI-ST183_0204:4:22:6559:180395#0/1 45 0 45 0
HWI-ST183_0204:4:22:6559:180395#0/2 45 0 45 0
HWI-ST183_0204:4:8:15380:99795#0/1 0 0 0 0
HWI-ST183_0204:4:8:15380:99795#0/2 0 0 0 0
HWI-ST183_0204:4:6:15632:44566#0/1 45 0 45 0
HWI-ST183_0204:4:6:15632:44566#0/2 45 0 45 0
HWI-ST183_0204:4:42:9170:49090#0/1 45 0 45 0
HWI-ST183_0204:4:42:9170:49090#0/2 45 0 45 0
HWI-ST183_0204:4:67:6453:123167#0/1 45 0 45 0
HWI-ST183_0204:4:67:6453:123167#0/2 45 0 45 0
HWI-ST183_0204:4:45:7307:42974#0/1 32 0 32 13
HWI-ST183_0204:4:45:7307:42974#0/2 24 0 24 21
HWI-ST183_0204:4:67:2470:52236#0/1 45 0 45 0
HWI-ST183_0204:4:67:2470:52236#0/2 45 0 45 0
HWI-ST183_0204:4:42:21128:66624#0/1 45 0 45 0
HWI-ST183_0204:4:42:21128:66624#0/2 45 0 45 0
HWI-ST183_0204:4:68:12297:188211#0/1 45 0 45 0
HWI-ST183_0204:4:68:12297:188211#0/2 45 0 45 0
HWI-ST183_0204:4:46:13736:178483#0/1 39 0 39 6
HWI-ST183_0204:4:46:13736:178483#0/2 45 0 45 0
HWI-ST183_0204:4:47:5001:7310#0/1 36 0 36 9
HWI-ST183_0204:4:47:5001:7310#0/2 0 0 0 0
HWI-ST183_0204:4:48:15351:175134#0/1 45 0 45 0
HWI-ST183_0204:4:48:15351:175134#0/2 0 0 0 0
HWI-ST183_0204:4:24:15800:19141#0/1 34 0 34 11
HWI-ST183_0204:4:24:15800:19141#0/2 38 0 38 7
HWI-ST183_0204:4:44:13476:92850#0/1 45 0 45 0
HWI-ST183_0204:4:44:13476:92850#0/2 43 0 43 2
HWI-ST183_0204:4:6:12253:16348#0/1 45 0 45 0
HWI-ST183_0204:4:6:12253:16348#0/2 45 0 45 0
HWI-ST183_0204:4:24:14631:34223#0/1 45 0 45 0
HWI-ST183_0204:4:24:14631:34223#0/2 45 0 45 0
HWI-ST183_0204:4:2:1469:163552#0/1 22 0 22 23
HWI-ST183_0204:4:2:1469:163552#0/2 36 0 36 9
HWI-ST183_0204:4:42:13750:101526#0/1 45 0 45 0
HWI-ST183_0204:4:42:13750:101526#0/2 45 0 45 0
HWI-ST183_0204:4:61:20652:19296#0/1 29 0 29 16
HWI-ST183_0204:4:61:20652:19296#0/2 0 0 0 0
HWI-ST183_0204:4:6:4729:169212#0/1 45 0 45 0
HWI-ST183_0204:4:6:4729:169212#0/2 34 0 34 11
HWI-ST183_0204:4:8:4044:150288#0/1 45 0 45 0
HWI-ST183_0204:4:8:4044:150288#0/2 34 0 34 11
HWI-ST183_0204:4:41:17908:43050#0/1 45 0 45 0
HWI-ST183_0204:4:41:17908:43050#0/2 45 0 45 0
HWI-ST183_0204:4:23:3112:167950#0/1 45 0 45 0
HWI-ST183_0204:4:23:3112:167950#0/2 45 0 45 0
HWI-ST183_0204:4:41:13773:109271#0/1 45 0 45 0
HWI-ST183_0204:4:41:13773:109271#0/2 45 0 45 0
HWI-ST183_0204:4:4:15812:112156#0/1 45 0 45 0
HWI-ST183_0204:4:4:15812:112156#0/2 0 0 0 0
HWI-ST183_0204:4:6:11808:141332#0/1 45 0 45 0
HWI-ST183_0204:4:6:11808:141332#0/2 45 0 45 0
HWI-ST183_0204:4:24:8723:72743#0/1 45 0 45 0
HWI-ST183_0204:4:24:8723:72743#0/2 45 0 45 0
HWI-ST183_0204:4:62:10550:44382#0/1 45 0 45 0
HWI-ST183_0204:4:62:10550:44382#0/2 45 0 45 0
HWI-ST183_0204:4:3:13374:79714#0/1 41 0 41 4
HWI-ST183_0204:4:3:13374:79714#0/2 39 0 39 6
HWI-ST183_0204:4:63:8406:195389#0/1 0 0 0 0
HWI-ST183_0204:4:63:8406:195389#0/2 0 0 0 0
HWI-ST183_0204:4:3:12576:42428#0/1 0 0 0 0
HWI-ST183_0204:4:3:12576:42428#0/2 0 0 0 0
HWI-ST183_0204:4:41:15444:33894#0/1 45 0 45 0
HWI-ST183_0204:4:41:15444:33894#0/2 45 0 45 0
HWI-ST183_0204:4:4:20843:103484#0/1 45 0 45 0
HWI-ST183_0204:4:4:20843:103484#0/2 45 0 45 0
HWI-ST183_0204:4:4:13133:4775#0/1 45 0 45 0
HWI-ST183_0204:4:4:13133:4775#0/2 45 0 45 0
HWI-ST183_0204:4:4:17232:24321#0/1 45 0 45 0
HWI-ST183_0204:4:4:17232:24321#0/2 45 0 45 0
HWI-ST183_0204:4:26:19888:192727#0/1 45 0 45 0
HWI-ST183_0204:4:26:19888:192727#0/2 37 0 37 8
HWI-ST183_0204:4:61:2490:19634#0/1 39 0 39 6
HWI-ST183_0204:4:61:2490:19634#0/2 45 0 45 0
HWI-ST183_0204:4:65:11256:143984#0/1 45 0 45 0
HWI-ST183_0204:4:65:11256:143984#0/2 0 0 0 0
HWI-ST183_0204:4:4:7454:193359#0/1 45 0 45 0
HWI-ST183_0204:4:4:7454:193359#0/2 29 0 29 16
HWI-ST183_0204:4:4:12034:194266#0/1 45 0 45 0
HWI-ST183_0204:4:4:12034:194266#0/2 45 0 45 0
HWI-ST183_0204:4:3:10288:141074#0/1 45 0 45 0
HWI-ST183_0204:4:3:10288:141074#0/2 0 0 0 0
HWI-ST183_0204:4:44:7750:33469#0/1 45 0 45 0
HWI-ST183_0204:4:44:7750:33469#0/2 40 0 40 5
HWI-ST183_0204:4:42:16339:173649#0/1 45 0 45 0
HWI-ST183_0204:4:42:16339:173649#0/2 45 0 45 0
HWI-ST183_0204:4:62:3552:93156#0/1 45 0 45 0
HWI-ST183_0204:4:62:3552:93156#0/2 45 0 45 0
HWI-ST183_0204:4:45:18797:151931#0/1 0 0 0 0
HWI-ST183_0204:4:45:18797:151931#0/2 45 0 45 0
HWI-ST183_0204:4:68:2643:86605#0/1 45 0 45 0
HWI-ST183_0204:4:68:2643:86605#0/2 45 0 45 0
HWI-ST183_0204:4:23:14537:160698#0/1 45 0 45 0
HWI-ST183_0204:4:23:14537:160698#0/2 45 0 45 0
HWI-ST183_0204:4:42:19742:58829#0/1 45 0 45 0
HWI-ST183_0204:4:42:19742:58829#0/2 41 0 41 4
HWI-ST183_0204:4:48:5022:187320#0/1 45 0 45 0
HWI-ST183_0204:4:48:5022:187320#0/2 0 0 0 0
HWI-ST183_0204:4:45:4905:172891#0/1 45 0 45 0
HWI-ST183_0204:4:45:4905:172891#0/2 45 0 45 0
HWI-ST183_0204:4:47:3542:36882#0/1 45 0 45 0
HWI-ST183_0204:4:47:3542:36882#0/2 45 0 45 0
HWI-ST183_0204:4:24:5288:101135#0/1 45 0 45 0
HWI-ST183_0204:4:24:5288:101135#0/2 45 0 45 0
HWI-ST183_0204:4:23:14395:37961#0/1 45 0 45 0
HWI-ST183_0204:4:23:14395:37961#0/2 0 0 0 0
HWI-ST183_0204:4:43:8093:161660#0/1 45 0 45 0
HWI-ST183_0204:4:43:8093:161660#0/2 45 0 45 0
HWI-ST183_0204:4:6:16265:45321#0/1 45 0 45 0
HWI-ST183_0204:4:6:16265:45321#0/2 45 0 45 0
HWI-ST183_0204:4:47:14031:116580#0/1 45 0 45 0
HWI-ST183_0204:4:47:14031:116580#0/2 45 0 45 0
HWI-ST183_0204:4:23:9146:159414#0/1 45 0 45 0
HWI-ST183_0204:4:23:9146:159414#0/2 45 0 45 0
HWI-ST183_0204:4:41:13372:145422#0/1 45 0 45 0
HWI-ST183_0204:4:41:13372:145422#0/2 45 0 45 0
HWI-ST183_0204:4:23:16388:73713#0/1 45 0 45 0
HWI-ST183_0204:4:23:16388:73713#0/2 0 0 0 0
HWI-ST183_0204:4:25:4779:81473#0/1 45 0 45 0
HWI-ST183_0204:4:25:4779:81473#0/2 45 0 45 0
HWI-ST183_0204:4:2:10116:127946#0/1 45 0 45 0
HWI-ST183_0204:4:2:10116:127946#0/2 45 0 45 0
HWI-ST183_0204:4:24:16525:141180#0/1 45 0 45 0
HWI-ST183_0204:4:24:16525:141180#0/2 45 0 45 0
HWI-ST183_0204:4:63:15002:78730#0/1 45 0 45 0
HWI-ST183_0204:4:63:15002:78730#0/2 39 0 39 6
HWI-ST183_0204:4:67:14591:28914#0/1 45 0 45 0
HWI-ST183_0204:4:67:14591:28914#0/2 45 0 45 0
HWI-ST183_0204:4:46:16672:13537#0/1 45 0 45 0
HWI-ST183_0204:4:46:16672:13537#0/2 41 0 41 4
HWI-ST183_0204:4:63:2207:197262#0/1 45 0 45 0
HWI-ST183_0204:4:63:2207:197262#0/2 45 0 45 0
HWI-ST183_0204:4:65:5687:70530#0/1 45 0 45 0
HWI-ST183_0204:4:65:5687:70530#0/2 45 0 45 0
HWI-ST183_0204:4:21:13601:20798#0/1 45 0 45 0
HWI-ST183_0204:4:21:13601:20798#0/2 45 0 45 0
HWI-ST183_0204:4:3:13498:157844#0/1 27 0 27 18
HWI-ST183_0204:4:3:13498:157844#0/2 0 0 0 0
HWI-ST183_0204:4:65:3451:63690#0/1 36 0 36 9
HWI-ST183_0204:4:65:3451:63690#0/2 39 0 39 6
HWI-ST183_0204:4:41:1969:146224#0/1 0 0 0 0
HWI-ST183_0204:4:41:1969:146224#0/2 0 0 0 0
HWI-ST183_0204:4:5:16283:61068#0/1 45 0 45 0
HWI-ST183_0204:4:5:16283:61068#0/2 0 0 0 0
HWI-ST183_0204:4:25:7615:61759#0/1 45 0 45 0
HWI-ST183_0204:4:25:7615:61759#0/2 45 0 45 0
HWI-ST183_0204:4:66:17952:82160#0/1 45 0 45 0
HWI-ST183_0204:4:66:17952:82160#0/2 45 0 45 0
HWI-ST183_0204:4:44:2527:73322#0/1 45 0 45 0
HWI-ST183_0204:4:44:2527:73322#0/2 38 0 38 7
HWI-ST183_0204:4:66:20227:63181#0/1 45 0 45 0
HWI-ST183_0204:4:66:20227:63181#0/2 39 0 39 6
HWI-ST183_0204:4:48:8930:136489#0/1 45 0 45 0
HWI-ST183_0204:4:48:8930:136489#0/2 0 0 0 0
HWI-ST183_0204:4:63:17796:156742#0/1 45 0 45 0
HWI-ST183_0204:4:63:17796:156742#0/2 45 0 45 0
HWI-ST183_0204:4:64:12160:154121#0/1 45 0 45 0
HWI-ST183_0204:4:64:12160:154121#0/2 35 0 35 10
HWI-ST183_0204:4:41:16342:122930#0/1 45 0 45 0
HWI-ST183_0204:4:41:16342:122930#0/2 45 0 45 0
HWI-ST183_0204:4:65:1319:190914#0/1 45 0 45 0
HWI-ST183_0204:4:65:1319:190914#0/2 45 0 45 0
HWI-ST183_0204:4:42:12131:85629#0/1 45 0 45 0
HWI-ST183_0204:4:42:12131:85629#0/2 45 0 45 0
HWI-ST183_0204:4:44:5496:4418#0/1 45 0 45 0
HWI-ST183_0204:4:44:5496:4418#0/2 45 0 45 0
HWI-ST183_0204:4:6:16611:184721#0/1 45 0 45 0
HWI-ST183_0204:4:6:16611:184721#0/2 45 0 45 0
